40
20 2 9 2 4 1 4 1 7 0 7 0 2 3 2 3 0 5 0 5 6 6 6 6 3 8 3 8 1 9 1 9 5 7 5 7 8 4 8 4 9
0
20 1 9 1 8 2 8 2 7 0 7 0 3 4 3 4 0 5 0 5 2 6 2 6 1 9 1 9 6 8 6 8 5 7 5 7 4 3 4 3 9
0
20 0 9 0 3 1 3 1 2 4 2 4 1 2 1 2 0 8 0 8 5 9 5 9 8 7 8 7 7 6 7 6 6 5 6 5 4 3 4 3 9
0
20 5 9 5 7 4 7 4 6 3 6 3 5 0 5 0 2 1 2 1 3 2 3 2 0 9 0 9 1 6 1 6 4 8 4 8 8 7 8 7 9
0
20 1 9 1 7 0 7 0 5 3 5 3 4 2 4 2 2 4 2 4 0 5 0 5 3 6 3 6 6 8 6 8 1 9 1 9 8 7 8 7 9
0
20 6 9 6 6 5 6 5 8 4 8 4 4 1 4 1 7 0 7 0 3 3 3 3 2 2 2 2 1 7 1 7 0 8 0 8 5 9 5 9 9
0
20 0 9 0 5 2 5 2 3 4 3 4 6 1 6 1 7 5 7 5 0 6 0 6 1 7 1 7 2 8 2 8 4 9 4 9 8 3 8 3 9
0
20 7 9 7 8 6 8 6 7 2 7 2 6 0 6 0 5 3 5 3 3 1 3 1 1 4 1 4 0 5 0 5 2 8 2 8 4 9 4 9 9
0
20 0 9 0 8 1 8 1 1 3 1 3 0 7 0 7 3 9 3 9 4 8 4 8 7 6 7 6 5 5 5 5 6 4 6 4 2 2 2 2 9
0
20 3 9 3 7 2 7 2 8 1 8 1 6 4 6 4 2 0 2 0 1 5 1 5 3 7 3 7 0 8 0 8 4 9 4 9 5 6 5 6 9
0
40 0 19 0 0 3 0 3 1 15 1 15 10 16 10 16 3 17 3 17 6 19 6 19 18 18 18 18 12 13 12 13 11 14 11 14 4 8 4 8 2 2 2 2 5 12 5 12 17 11 17 11 13 10 13 10 15 9 15 9 9 7 9 7 8 6 8 6 16 5 16 5 14 4 14 4 7 1 7 1 19
0
40 14 19 14 17 6 17 6 14 1 14 1 10 2 10 2 6 0 6 0 4 9 4 9 3 7 3 7 1 10 1 10 5 11 5 11 7 5 7 5 9 3 9 3 11 4 11 4 13 8 13 8 15 12 15 12 2 16 2 16 0 18 0 18 8 13 8 13 12 19 12 19 16 17 16 17 18 15 18 15 19
0
40 0 19 0 7 2 7 2 6 4 6 4 12 5 12 5 1 10 1 10 0 11 0 11 10 12 10 12 3 18 3 18 4 17 4 17 14 14 14 14 15 19 15 19 16 16 16 16 17 15 17 15 18 13 18 13 11 9 11 9 9 8 9 8 5 7 5 7 2 6 2 6 13 3 13 3 8 1 8 1 19
0
40 9 19 9 18 8 18 8 16 5 16 5 14 12 14 12 12 4 12 4 8 3 8 3 10 2 10 2 11 1 11 1 17 0 17 0 5 6 5 6 6 7 6 7 9 10 9 10 4 11 4 11 0 19 0 19 1 17 1 17 2 18 2 18 15 16 15 16 3 13 3 13 7 15 7 15 13 14 13 14 19
0
40 7 19 7 16 4 16 4 18 0 18 0 0 17 0 17 3 16 3 16 4 19 4 19 8 18 8 18 9 13 9 13 10 10 10 10 6 8 6 8 5 15 5 15 2 11 2 11 1 3 1 3 7 1 7 1 14 2 14 2 11 5 11 5 12 6 12 6 15 12 15 12 13 14 13 14 17 9 17 9 19
0
40 12 19 12 16 11 16 11 18 10 18 10 17 7 17 7 15 1 15 1 10 0 10 0 5 14 5 14 3 2 3 2 1 9 1 9 0 19 0 19 2 15 2 15 4 17 4 17 7 8 7 8 8 6 8 6 6 3 6 3 9 4 9 4 13 5 13 5 11 13 11 13 12 18 12 18 14 16 14 16 19
0
40 11 19 11 18 17 18 17 17 12 17 12 13 7 13 7 12 9 12 9 8 5 8 5 3 3 3 3 4 2 4 2 11 0 11 0 10 1 10 1 0 10 0 10 1 4 1 4 2 6 2 6 5 8 5 8 6 14 6 14 7 15 7 15 9 13 9 13 16 18 16 18 15 16 15 16 14 19 14 19 19
0
40 0 19 0 16 9 16 9 15 11 15 11 14 3 14 3 11 2 11 2 5 1 5 1 1 5 1 5 3 10 3 10 2 7 2 7 0 19 0 19 6 14 6 14 4 13 4 13 7 18 7 18 8 4 8 4 9 8 9 8 10 6 10 6 12 16 12 16 13 17 13 17 17 15 17 15 18 12 18 12 19
0
40 7 19 7 16 8 16 8 14 3 14 3 13 2 13 2 11 9 11 9 9 0 9 0 6 1 6 1 7 5 7 5 4 4 4 4 1 6 1 6 0 10 0 10 2 16 2 16 5 13 5 13 3 11 3 11 8 18 8 18 15 15 15 15 10 12 10 12 12 14 12 14 17 19 17 19 18 17 18 17 19
0
40 9 19 9 14 5 14 5 17 1 17 1 16 0 16 0 6 4 6 4 5 13 5 13 2 7 2 7 4 6 4 6 0 11 0 11 1 17 1 17 3 18 3 18 8 14 8 14 7 8 7 8 9 3 9 3 10 19 10 19 11 15 11 15 12 2 12 2 13 10 13 10 15 12 15 12 18 16 18 16 19
0
50 5 24 5 18 19 18 19 4 18 4 18 2 16 2 16 15 13 15 13 17 4 17 4 14 3 14 3 10 2 10 2 16 0 16 0 8 1 8 1 9 6 9 6 12 9 12 9 13 12 13 12 11 14 11 14 5 10 5 10 0 17 0 17 1 23 1 23 3 24 3 24 6 21 6 21 7 22 7 22 19 20 19 20 23 15 23 15 21 11 21 11 20 8 20 8 22 7 22 7 24
0
50 12 24 12 21 11 21 11 15 8 15 8 20 7 20 7 14 6 14 6 18 1 18 1 9 0 9 0 8 3 8 3 11 4 11 4 13 5 13 5 6 9 6 9 4 2 4 2 1 10 1 10 0 19 0 19 2 23 2 23 3 22 3 22 5 24 5 24 10 21 10 21 12 20 12 20 7 18 7 18 16 17 16 17 17 14 17 14 19 16 19 16 22 15 22 15 23 13 23 13 24
0
50 9 24 9 20 8 20 8 19 4 19 4 23 0 23 0 8 2 8 2 11 1 11 1 12 3 12 3 15 20 15 20 9 19 9 19 7 17 7 17 14 7 14 7 10 5 10 5 6 11 6 11 13 16 13 16 5 15 5 15 2 14 2 14 1 18 1 18 0 22 0 22 3 24 3 24 4 23 4 23 22 21 22 21 17 10 17 10 16 6 16 6 18 12 18 12 21 13 21 13 24
0
50 10 24 10 20 15 20 15 16 5 16 5 13 4 13 4 19 0 19 0 9 2 9 2 8 6 8 6 10 8 10 8 7 1 7 1 4 7 4 7 1 3 1 3 0 17 0 17 2 14 2 14 11 11 11 11 6 13 6 13 5 12 5 12 3 9 3 9 12 16 12 16 21 18 21 18 22 19 22 19 18 21 18 21 15 20 15 20 14 22 14 22 17 24 17 24 23 23 23 23 24
0
50 17 24 17 21 19 21 19 23 20 23 20 19 15 19 15 17 11 17 11 16 9 16 9 8 10 8 10 7 8 7 8 14 3 14 3 22 2 22 2 20 0 20 0 4 4 4 4 3 5 3 5 1 21 1 21 0 24 0 24 2 6 2 6 9 1 9 1 10 7 10 7 5 16 5 16 6 18 6 18 13 14 13 14 11 13 11 13 12 12 12 12 15 22 15 22 18 23 18 23 24
0
50 7 24 7 22 10 22 10 16 1 16 1 14 3 14 3 9 0 9 0 6 2 6 2 1 4 1 4 2 6 2 6 5 5 5 5 13 9 13 9 11 11 11 11 17 12 17 12 18 13 18 13 20 15 20 15 19 23 19 23 12 22 12 22 15 17 15 17 10 16 10 16 8 14 8 14 7 18 7 18 0 19 0 19 3 21 3 21 4 24 4 24 21 20 21 20 23 8 23 8 24
0
50 1 24 1 23 0 23 0 22 9 22 9 20 2 20 2 18 3 18 3 13 4 13 4 11 6 11 6 8 7 8 7 14 10 14 10 12 12 12 12 2 11 2 11 3 8 3 8 0 19 0 19 5 24 5 24 6 21 6 21 10 18 10 18 9 17 9 17 1 13 1 13 4 14 4 14 7 16 7 16 16 5 16 5 19 20 19 20 15 22 15 22 17 23 17 23 21 15 21 15 24
0
50 0 24 0 23 1 23 1 22 2 22 2 21 3 21 3 16 4 16 4 9 5 9 5 5 8 5 8 6 10 6 10 7 6 7 6 12 9 12 9 17 11 17 11 11 12 11 12 14 16 14 16 8 15 8 15 3 14 3 14 1 21 1 21 0 24 0 24 2 22 2 22 10 20 10 20 4 19 4 19 13 17 13 17 15 18 15 18 18 23 18 23 19 13 19 13 20 7 20 7 24
0
50 8 24 8 23 15 23 15 8 14 8 14 16 6 16 6 20 1 20 1 15 11 15 11 14 2 14 2 6 0 6 0 2 4 2 4 3 5 3 5 11 3 11 3 13 13 13 13 12 7 12 7 0 10 0 10 1 9 1 9 9 12 9 12 4 16 4 16 10 23 10 23 7 17 7 17 5 24 5 24 19 22 19 22 18 21 18 21 21 20 21 20 17 19 17 19 22 18 22 18 24
0
50 1 24 1 19 0 19 0 18 5 18 5 20 14 20 14 11 13 11 13 16 12 16 12 14 4 14 4 12 3 12 3 9 7 9 7 10 11 10 11 8 17 8 17 4 16 4 16 3 9 3 9 5 6 5 6 1 21 1 21 0 23 0 23 2 24 2 24 6 18 6 18 7 22 7 22 13 20 13 20 15 19 15 19 17 15 17 15 23 10 23 10 21 8 21 8 22 2 22 2 24
0
100 29 49 29 48 16 48 16 47 17 47 17 46 19 46 19 43 21 43 21 40 10 40 10 41 0 41 0 37 1 37 1 13 2 13 2 30 3 30 3 17 4 17 4 33 5 33 5 38 18 38 18 31 6 31 6 20 7 20 7 18 8 18 8 4 9 4 9 0 12 0 12 3 20 3 20 8 22 8 22 2 34 2 34 1 39 1 39 7 37 7 37 10 26 10 26 6 24 6 24 11 14 11 14 9 13 9 13 15 33 15 33 21 40 21 40 12 41 12 41 5 43 5 43 14 44 14 44 19 42 19 42 23 38 23 38 22 11 22 11 25 28 25 28 26 15 26 15 28 31 28 31 29 45 29 45 27 46 27 46 16 48 16 48 24 49 24 49 35 47 35 47 32 35 32 35 34 23 34 23 45 25 45 25 44 27 44 27 42 30 42 30 36 36 36 36 39 32 39 32 49
0
100 2 49 2 46 4 46 4 33 6 33 6 39 7 39 7 40 12 40 12 38 13 38 13 41 5 41 5 42 15 42 15 47 16 47 16 44 33 44 33 43 30 43 30 35 29 35 29 34 31 34 31 31 28 31 28 29 41 29 41 28 34 28 34 25 19 25 19 15 10 15 10 26 9 26 9 16 3 16 3 21 1 21 1 22 0 22 0 14 20 14 20 23 23 23 23 12 11 12 11 13 8 13 8 11 14 11 14 7 17 7 17 10 21 10 21 6 22 6 22 4 27 4 27 17 35 17 35 18 26 18 26 9 25 9 25 20 24 20 24 24 43 24 43 19 42 19 42 8 39 8 39 1 48 1 48 0 49 0 49 2 47 2 47 3 44 3 44 5 46 5 46 27 45 27 45 30 40 30 40 32 36 32 36 36 32 36 32 37 38 37 38 45 37 45 37 48 18 48 18 49
0
100 45 49 45 48 10 48 10 39 4 39 4 23 3 23 3 25 2 25 2 24 1 24 1 19 5 19 5 14 6 14 6 7 7 7 7 31 9 31 9 3 0 3 0 1 8 1 8 2 15 2 15 6 12 6 12 17 14 17 14 36 13 36 13 42 32 42 32 41 37 41 37 40 35 40 35 37 25 37 25 35 17 35 17 20 16 20 16 15 21 15 21 33 27 33 27 30 22 30 22 22 24 22 24 9 20 9 20 5 18 5 18 4 26 4 26 16 28 16 28 21 36 21 36 12 30 12 30 10 29 10 29 8 44 8 44 0 46 0 46 11 48 11 48 38 47 38 47 28 43 28 43 13 40 13 40 18 42 18 42 26 38 26 38 27 31 27 31 32 33 32 33 29 39 29 39 34 41 34 41 43 34 43 34 45 23 45 23 44 11 44 11 47 19 47 19 46 49 46 49 49
0
100 37 49 37 39 36 39 36 34 31 34 31 28 29 28 29 31 26 31 26 35 21 35 21 21 17 21 17 24 8 24 8 26 20 26 20 27 18 27 18 33 15 33 15 37 25 37 25 45 5 45 5 47 4 47 4 43 6 43 6 42 23 42 23 38 12 38 12 30 10 30 10 32 9 32 9 29 7 29 7 19 2 19 2 4 1 4 1 1 0 1 0 0 3 0 3 15 11 15 11 12 13 12 13 23 14 23 14 10 16 10 16 6 22 6 22 11 24 11 24 2 28 2 28 3 30 3 30 14 32 14 32 9 34 9 34 7 33 7 33 5 40 5 40 8 41 8 41 13 43 13 43 16 47 16 47 40 48 40 48 44 49 44 49 48 44 48 44 41 45 41 45 36 46 36 46 20 42 20 42 17 19 17 19 18 27 18 27 22 35 22 35 25 38 25 38 46 39 46 39 49
0
100 4 49 4 42 3 42 3 45 0 45 0 10 1 10 1 28 2 28 2 12 7 12 7 3 18 3 18 1 24 1 24 2 41 2 41 0 48 0 48 17 49 17 49 41 43 41 43 40 42 40 42 36 40 36 40 46 36 46 36 48 32 48 32 44 29 44 29 34 28 34 28 37 23 37 23 23 22 23 22 22 27 22 27 24 31 24 31 43 37 43 37 33 38 33 38 31 34 31 34 25 39 25 39 30 45 30 45 38 47 38 47 32 46 32 46 4 14 4 14 6 15 6 15 7 26 7 26 5 44 5 44 8 19 8 19 9 16 9 16 11 35 11 35 21 25 21 25 20 33 20 33 13 5 13 5 19 6 19 6 29 9 29 9 27 10 27 10 26 8 26 8 14 30 14 30 15 21 15 21 16 20 16 20 18 12 18 12 35 11 35 11 39 17 39 17 47 13 47 13 49
0
100 27 49 27 47 30 47 30 40 25 40 25 31 22 31 22 14 21 14 21 5 18 5 18 11 20 11 20 28 13 28 13 24 14 24 14 25 19 25 19 20 9 20 9 21 4 21 4 36 5 36 5 37 3 37 3 23 1 23 1 27 0 27 0 22 2 22 2 18 6 18 6 15 7 15 7 19 10 19 10 13 11 13 11 12 12 12 12 6 16 6 16 16 17 16 17 4 8 4 8 3 15 3 15 2 24 2 24 17 23 17 23 30 28 30 28 29 34 29 34 32 40 32 40 26 43 26 43 10 39 10 39 8 41 8 41 1 38 1 38 7 36 7 36 0 42 0 42 9 44 9 44 33 26 33 26 39 29 39 29 34 35 34 35 35 32 35 32 38 33 38 33 42 31 42 31 44 37 44 37 48 48 48 48 46 47 46 47 45 45 45 45 43 46 43 46 41 49 41 49 49
0
100 20 49 20 48 10 48 10 41 3 41 3 37 14 37 14 36 16 36 16 34 22 34 22 35 30 35 30 38 28 38 28 39 11 39 11 44 42 44 42 43 35 43 35 42 40 42 40 31 37 31 37 33 9 33 9 32 32 32 32 30 29 30 29 10 27 10 27 8 26 8 26 29 24 29 24 26 19 26 19 11 25 11 25 3 18 3 18 24 2 24 2 25 0 25 0 12 1 12 1 15 7 15 7 13 8 13 8 18 5 18 5 19 4 19 4 22 13 22 13 21 15 21 15 23 17 23 17 7 6 7 6 2 12 2 12 1 23 1 23 0 33 0 33 4 36 4 36 6 39 6 39 16 34 16 34 28 41 28 41 27 44 27 44 17 45 17 45 14 43 14 43 5 48 5 48 9 49 9 49 20 46 20 46 40 47 40 47 45 38 45 38 46 21 46 21 47 31 47 31 49
0
100 27 49 27 39 19 39 19 42 20 42 20 43 15 43 15 31 11 31 11 36 7 36 7 34 6 34 6 44 4 44 4 47 1 47 1 48 0 48 0 41 2 41 2 45 3 45 3 40 5 40 5 30 10 30 10 29 25 29 25 28 17 28 17 26 29 26 29 20 31 20 31 24 38 24 38 16 34 16 34 22 32 22 32 17 30 17 30 19 28 19 28 15 16 15 16 14 14 14 14 13 18 13 18 11 12 11 12 10 8 10 8 5 9 5 9 7 21 7 21 3 22 3 22 1 13 1 13 0 23 0 23 9 26 9 26 6 41 6 41 2 44 2 44 4 46 4 46 8 43 8 43 12 40 12 40 21 47 21 47 18 48 18 48 23 45 23 45 32 49 32 49 38 36 38 36 37 42 37 42 25 37 25 37 27 39 27 39 33 24 33 24 35 33 35 33 46 35 46 35 49
0
100 6 49 6 44 5 44 5 41 14 41 14 37 8 37 8 36 9 36 9 26 7 26 7 34 2 34 2 32 1 32 1 27 0 27 0 11 4 11 4 10 12 10 12 7 3 7 3 2 10 2 10 0 38 0 38 1 44 1 44 3 26 3 26 4 19 4 19 5 45 5 45 24 42 24 42 8 40 8 40 22 39 22 39 17 35 17 35 29 37 29 37 31 33 31 33 39 46 39 46 14 49 14 49 38 48 38 48 33 47 33 47 40 43 40 43 46 41 46 41 43 31 43 31 42 32 42 32 16 30 16 30 30 29 30 29 48 27 48 27 18 28 18 28 15 34 15 34 12 36 12 36 9 25 9 25 6 13 6 13 13 11 13 11 21 15 21 15 20 17 20 17 19 18 19 18 25 20 25 20 23 24 23 24 47 22 47 22 45 23 45 23 28 21 28 21 35 16 35 16 49
0
100 11 49 11 42 18 42 18 47 25 47 25 45 27 45 27 43 28 43 28 44 43 44 43 36 42 36 42 35 33 35 33 31 22 31 22 30 16 30 16 38 5 38 5 32 3 32 3 27 1 27 1 15 0 15 0 4 4 4 4 1 9 1 9 0 40 0 40 3 34 3 34 6 31 6 31 2 15 2 15 5 12 5 12 8 13 8 13 7 39 7 39 9 7 9 7 10 2 10 2 26 6 26 6 12 23 12 23 11 37 11 37 16 38 16 38 17 30 17 30 19 24 19 24 20 36 20 36 23 35 23 35 24 32 24 32 28 29 28 29 21 21 21 21 25 19 25 19 22 17 22 17 18 20 18 20 14 10 14 10 13 8 13 8 29 41 29 41 34 46 34 46 37 48 37 48 33 49 33 49 39 44 39 44 41 45 41 45 40 47 40 47 46 26 46 26 48 14 48 14 49
0