param nG := 1;
param nV := 266;
param nF := 180;
param : M : visible:=
0 0 1
0 63 1
0 64 1
0 65 1
1 0 1
1 1 1
1 46 1
1 63 1
1 64 1
1 65 1
1 179 1
2 1 1
2 2 1
2 45 1
2 46 1
2 64 1
2 65 1
2 66 1
2 76 1
2 81 1
2 88 1
2 90 1
2 175 1
2 176 1
2 177 1
2 178 1
2 179 1
3 1 1
3 2 1
3 42 1
3 43 1
3 44 1
3 45 1
3 66 1
3 76 1
3 81 1
3 87 1
3 88 1
3 89 1
3 90 1
3 147 1
3 149 1
3 150 1
3 155 1
3 161 1
3 162 1
3 166 1
3 167 1
3 168 1
3 171 1
3 172 1
3 173 1
3 176 1
3 177 1
3 178 1
3 179 1
4 1 1
4 2 1
4 3 1
4 22 1
4 42 1
4 43 1
4 44 1
4 45 1
4 66 1
4 76 1
4 81 1
4 86 1
4 87 1
4 88 1
4 89 1
4 90 1
4 91 1
4 93 1
4 95 1
4 96 1
4 125 1
4 129 1
4 139 1
4 145 1
4 146 1
4 147 1
4 149 1
4 150 1
4 151 1
4 152 1
4 155 1
4 156 1
4 157 1
4 161 1
4 162 1
4 163 1
4 164 1
4 165 1
4 166 1
4 167 1
4 168 1
4 169 1
4 170 1
4 171 1
4 172 1
4 173 1
4 174 1
4 175 1
4 176 1
4 177 1
4 178 1
4 179 1
5 3 1
5 21 1
5 22 1
5 24 1
5 42 1
5 43 1
5 44 1
5 45 1
5 86 1
5 87 1
5 89 1
5 90 1
5 91 1
5 92 1
5 93 1
5 110 1
5 126 1
5 130 1
5 133 1
5 145 1
5 147 1
5 148 1
5 149 1
5 150 1
5 151 1
5 152 1
5 155 1
5 156 1
5 157 1
5 161 1
5 162 1
5 163 1
5 164 1
5 165 1
5 166 1
5 167 1
5 168 1
5 169 1
5 170 1
5 171 1
5 172 1
5 173 1
5 174 1
5 175 1
5 176 1
5 177 1
5 178 1
5 179 1
6 3 1
6 4 1
6 21 1
6 22 1
6 24 1
6 25 1
6 42 1
6 76 1
6 78 1
6 81 1
6 86 1
6 87 1
6 88 1
6 89 1
6 90 1
6 91 1
6 92 1
6 93 1
6 94 1
6 95 1
6 109 1
6 110 1
6 125 1
6 126 1
6 129 1
6 130 1
6 133 1
6 139 1
6 145 1
6 146 1
6 147 1
6 148 1
6 149 1
6 150 1
6 151 1
6 152 1
6 153 1
6 154 1
6 155 1
6 156 1
6 157 1
6 158 1
6 161 1
6 162 1
6 163 1
6 164 1
6 165 1
6 166 1
6 167 1
6 168 1
6 169 1
6 170 1
6 171 1
6 172 1
6 173 1
6 174 1
6 175 1
6 176 1
6 177 1
6 178 1
7 4 1
7 21 1
7 22 1
7 24 1
7 25 1
7 78 1
7 86 1
7 87 1
7 89 1
7 92 1
7 93 1
7 94 1
7 95 1
7 109 1
7 110 1
7 125 1
7 126 1
7 129 1
7 130 1
7 133 1
7 139 1
7 145 1
7 146 1
7 147 1
7 148 1
7 149 1
7 150 1
7 151 1
7 152 1
7 153 1
7 154 1
7 155 1
7 156 1
7 157 1
7 158 1
7 161 1
7 162 1
7 163 1
8 4 1
8 5 1
8 17 1
8 21 1
8 55 1
8 88 1
8 90 1
8 91 1
8 92 1
8 93 1
8 94 1
8 95 1
8 96 1
8 97 1
8 98 1
8 100 1
8 108 1
8 109 1
8 110 1
8 123 1
8 124 1
8 125 1
8 126 1
8 128 1
8 129 1
8 130 1
8 133 1
8 139 1
8 145 1
8 146 1
8 152 1
8 153 1
8 157 1
8 158 1
8 163 1
8 165 1
8 168 1
8 169 1
8 172 1
8 173 1
8 174 1
8 178 1
9 5 1
9 6 1
9 7 1
9 14 1
9 17 1
9 54 1
9 55 1
9 92 1
9 94 1
9 95 1
9 96 1
9 97 1
9 98 1
9 99 1
9 103 1
9 108 1
9 109 1
9 110 1
9 123 1
9 124 1
9 125 1
9 126 1
9 128 1
9 129 1
9 130 1
9 133 1
9 138 1
9 140 1
9 141 1
9 159 1
9 160 1
10 6 1
10 7 1
10 17 1
10 52 1
10 53 1
10 54 1
10 55 1
10 97 1
10 98 1
10 99 1
10 102 1
10 103 1
10 123 1
10 138 1
10 140 1
10 141 1
10 142 1
10 143 1
11 6 1
11 7 1
11 8 1
11 14 1
11 52 1
11 53 1
11 99 1
11 102 1
11 103 1
11 104 1
11 107 1
11 136 1
11 138 1
11 140 1
11 141 1
11 142 1
11 143 1
11 159 1
11 160 1
12 8 1
12 52 1
12 53 1
12 103 1
12 104 1
12 127 1
12 136 1
12 142 1
12 143 1
12 159 1
12 160 1
13 8 1
13 9 1
13 13 1
13 14 1
13 52 1
13 53 1
13 102 1
13 103 1
13 104 1
13 106 1
13 107 1
13 122 1
13 127 1
13 136 1
13 142 1
13 143 1
13 159 1
13 160 1
14 9 1
14 10 1
14 12 1
14 13 1
14 52 1
14 104 1
14 106 1
14 122 1
14 127 1
15 9 1
15 10 1
15 11 1
15 12 1
16 11 1
16 12 1
17 11 1
17 12 1
18 9 1
18 10 1
18 11 1
18 12 1
19 9 1
19 10 1
19 12 1
19 13 1
19 52 1
19 104 1
19 106 1
20 9 1
20 13 1
20 14 1
20 16 1
20 51 1
20 52 1
20 102 1
20 103 1
20 104 1
20 105 1
20 106 1
20 107 1
20 122 1
20 127 1
20 136 1
20 142 1
20 143 1
20 159 1
20 160 1
21 14 1
21 15 1
21 16 1
21 51 1
21 52 1
21 102 1
21 103 1
21 104 1
21 105 1
21 106 1
21 107 1
21 122 1
21 127 1
21 136 1
21 138 1
21 140 1
21 141 1
21 142 1
21 143 1
21 159 1
21 160 1
22 8 1
22 14 1
22 15 1
22 51 1
22 104 1
22 105 1
22 106 1
22 107 1
22 122 1
22 127 1
22 136 1
22 142 1
22 143 1
22 159 1
22 160 1
23 14 1
23 15 1
23 122 1
23 127 1
23 136 1
23 143 1
23 160 1
24 14 1
24 15 1
24 16 1
24 49 1
24 50 1
24 51 1
24 52 1
24 100 1
24 101 1
24 104 1
24 105 1
24 106 1
24 107 1
24 122 1
24 123 1
24 124 1
24 125 1
24 126 1
24 127 1
24 136 1
24 142 1
24 143 1
24 159 1
24 160 1
25 5 1
25 6 1
25 16 1
25 17 1
25 19 1
25 48 1
25 49 1
25 55 1
25 92 1
25 94 1
25 95 1
25 96 1
25 97 1
25 98 1
25 100 1
25 101 1
25 108 1
25 109 1
25 110 1
25 122 1
25 123 1
25 124 1
25 125 1
25 126 1
25 128 1
25 129 1
25 130 1
25 133 1
25 138 1
25 141 1
26 5 1
26 6 1
26 17 1
26 18 1
26 20 1
26 55 1
26 88 1
26 92 1
26 94 1
26 95 1
26 96 1
26 97 1
26 98 1
26 108 1
26 109 1
26 110 1
26 123 1
26 124 1
26 125 1
26 126 1
26 128 1
26 129 1
26 130 1
26 133 1
26 138 1
26 141 1
27 18 1
27 19 1
27 20 1
27 92 1
27 94 1
27 96 1
27 97 1
28 19 1
28 20 1
29 19 1
29 20 1
30 18 1
30 19 1
30 20 1
30 92 1
30 94 1
30 96 1
30 97 1
31 3 1
31 4 1
31 5 1
31 17 1
31 18 1
31 20 1
31 21 1
31 55 1
31 92 1
31 93 1
31 94 1
31 95 1
31 96 1
31 97 1
31 98 1
31 108 1
31 109 1
31 110 1
31 123 1
31 124 1
31 125 1
31 126 1
31 128 1
31 129 1
31 130 1
31 133 1
31 139 1
31 145 1
31 146 1
31 152 1
31 153 1
31 157 1
31 158 1
31 164 1
31 170 1
31 175 1
32 3 1
32 4 1
32 21 1
32 22 1
32 24 1
32 41 1
32 42 1
32 84 1
32 85 1
32 87 1
32 88 1
32 89 1
32 90 1
32 91 1
32 92 1
32 93 1
32 94 1
32 95 1
32 96 1
32 97 1
32 108 1
32 109 1
32 110 1
32 124 1
32 125 1
32 126 1
32 129 1
32 130 1
32 133 1
32 139 1
32 145 1
32 146 1
32 147 1
32 148 1
32 149 1
32 150 1
32 151 1
32 152 1
32 153 1
32 155 1
32 156 1
32 157 1
32 158 1
32 161 1
32 162 1
32 163 1
32 164 1
32 165 1
32 166 1
32 167 1
32 168 1
32 169 1
32 170 1
32 172 1
32 173 1
32 174 1
32 175 1
32 178 1
33 2 1
33 3 1
33 4 1
33 22 1
33 23 1
33 24 1
33 41 1
33 42 1
33 85 1
33 86 1
33 87 1
33 88 1
33 89 1
33 90 1
33 91 1
33 93 1
33 145 1
33 146 1
33 147 1
33 148 1
33 149 1
33 150 1
33 151 1
33 152 1
33 153 1
33 155 1
33 156 1
33 157 1
33 158 1
33 161 1
33 162 1
33 163 1
33 164 1
33 165 1
33 166 1
33 167 1
33 168 1
33 169 1
33 170 1
33 172 1
33 173 1
33 174 1
33 175 1
33 178 1
34 23 1
34 24 1
34 41 1
34 42 1
34 86 1
34 87 1
34 88 1
34 147 1
34 148 1
34 149 1
34 161 1
34 167 1
34 172 1
34 178 1
35 3 1
35 4 1
35 23 1
35 24 1
35 41 1
35 86 1
35 87 1
35 91 1
35 93 1
35 147 1
35 148 1
35 149 1
35 150 1
35 151 1
35 155 1
35 156 1
35 157 1
35 158 1
35 162 1
35 163 1
35 164 1
35 165 1
35 166 1
35 168 1
35 169 1
35 170 1
35 174 1
35 175 1
36 3 1
36 4 1
36 22 1
36 23 1
36 24 1
36 25 1
36 38 1
36 39 1
36 40 1
36 41 1
36 78 1
36 84 1
36 85 1
36 86 1
36 87 1
36 89 1
36 93 1
36 145 1
36 146 1
36 147 1
36 148 1
36 149 1
36 150 1
36 151 1
36 152 1
36 153 1
36 154 1
36 155 1
36 156 1
36 157 1
36 158 1
36 162 1
36 163 1
36 164 1
36 165 1
36 166 1
36 169 1
36 170 1
36 175 1
37 4 1
37 25 1
37 26 1
37 27 1
37 38 1
37 39 1
37 40 1
37 41 1
37 58 1
37 59 1
37 77 1
37 78 1
37 83 1
37 84 1
37 85 1
37 87 1
37 93 1
37 115 1
37 121 1
37 131 1
37 144 1
37 148 1
37 149 1
37 150 1
37 151 1
37 152 1
37 153 1
37 154 1
37 155 1
37 156 1
37 157 1
37 158 1
37 162 1
37 163 1
37 164 1
37 165 1
38 26 1
38 27 1
38 30 1
38 36 1
38 56 1
38 57 1
38 58 1
38 70 1
38 72 1
38 74 1
38 80 1
38 83 1
38 84 1
38 115 1
38 116 1
38 117 1
38 118 1
38 119 1
38 120 1
38 121 1
38 131 1
38 154 1
39 26 1
39 27 1
39 28 1
39 30 1
39 36 1
39 56 1
39 57 1
39 58 1
39 69 1
39 70 1
39 71 1
39 72 1
39 73 1
39 74 1
39 79 1
39 80 1
39 82 1
39 83 1
39 84 1
39 111 1
39 112 1
39 113 1
39 114 1
39 115 1
39 116 1
39 117 1
39 118 1
39 119 1
39 120 1
39 121 1
39 131 1
39 154 1
40 28 1
40 29 1
40 30 1
40 32 1
40 36 1
40 56 1
40 57 1
40 69 1
40 70 1
40 71 1
40 72 1
40 73 1
40 74 1
40 79 1
40 80 1
40 82 1
40 111 1
40 112 1
40 113 1
40 114 1
40 115 1
40 116 1
40 117 1
40 118 1
40 119 1
40 120 1
41 29 1
41 69 1
41 71 1
41 73 1
41 79 1
41 82 1
42 29 1
42 30 1
42 32 1
42 36 1
42 69 1
42 70 1
42 71 1
42 72 1
42 73 1
42 79 1
42 82 1
42 111 1
42 112 1
42 113 1
42 114 1
42 117 1
42 118 1
43 28 1
43 29 1
43 30 1
43 35 1
43 36 1
43 56 1
43 69 1
43 70 1
43 71 1
43 72 1
43 73 1
43 79 1
43 80 1
43 82 1
43 111 1
43 112 1
43 113 1
43 114 1
43 115 1
43 116 1
43 117 1
43 118 1
43 119 1
43 120 1
43 121 1
43 131 1
43 132 1
43 135 1
44 27 1
44 28 1
44 30 1
44 31 1
44 32 1
44 35 1
44 36 1
44 56 1
44 68 1
44 69 1
44 70 1
44 71 1
44 72 1
44 73 1
44 79 1
44 80 1
44 82 1
44 111 1
44 112 1
44 113 1
44 114 1
44 115 1
44 116 1
44 117 1
44 118 1
44 119 1
44 120 1
44 121 1
44 131 1
44 132 1
44 134 1
44 135 1
45 31 1
45 32 1
45 35 1
45 36 1
45 56 1
45 68 1
45 70 1
45 72 1
45 80 1
45 119 1
45 120 1
45 121 1
45 131 1
45 132 1
45 134 1
45 135 1
46 28 1
46 31 1
46 32 1
46 33 1
46 35 1
46 67 1
46 68 1
46 70 1
46 73 1
46 79 1
46 82 1
46 111 1
46 112 1
46 113 1
46 115 1
46 116 1
46 117 1
46 118 1
46 132 1
46 134 1
46 135 1
47 33 1
47 35 1
47 67 1
47 68 1
47 134 1
47 135 1
48 33 1
48 34 1
48 35 1
48 67 1
48 68 1
48 112 1
48 117 1
48 118 1
48 132 1
48 134 1
48 135 1
49 34 1
49 35 1
49 67 1
49 68 1
50 34 1
50 35 1
50 67 1
50 68 1
50 132 1
50 135 1
51 30 1
51 31 1
51 32 1
51 33 1
51 34 1
51 35 1
51 67 1
51 68 1
51 69 1
51 70 1
51 114 1
51 132 1
51 134 1
51 135 1
52 27 1
52 28 1
52 30 1
52 31 1
52 32 1
52 35 1
52 36 1
52 67 1
52 68 1
52 69 1
52 70 1
52 71 1
52 72 1
52 73 1
52 79 1
52 82 1
52 111 1
52 112 1
52 113 1
52 114 1
52 115 1
52 116 1
52 117 1
52 118 1
52 119 1
52 120 1
52 121 1
52 132 1
52 134 1
52 135 1
53 27 1
53 28 1
53 30 1
53 31 1
53 36 1
53 37 1
53 56 1
53 62 1
53 69 1
53 70 1
53 71 1
53 72 1
53 73 1
53 74 1
53 79 1
53 80 1
53 82 1
53 111 1
53 112 1
53 113 1
53 114 1
53 115 1
53 116 1
53 117 1
53 118 1
53 119 1
53 120 1
53 121 1
53 131 1
53 137 1
54 37 1
54 60 1
54 62 1
54 72 1
54 73 1
54 74 1
54 75 1
54 112 1
54 117 1
54 137 1
55 26 1
55 37 1
55 38 1
55 39 1
55 59 1
55 60 1
55 62 1
55 71 1
55 72 1
55 73 1
55 74 1
55 75 1
55 77 1
55 78 1
55 84 1
55 112 1
55 113 1
55 117 1
55 137 1
55 144 1
55 154 1
56 25 1
56 26 1
56 38 1
56 39 1
56 59 1
56 60 1
56 75 1
56 77 1
56 78 1
56 144 1
56 148 1
56 149 1
56 150 1
56 151 1
56 152 1
56 153 1
56 154 1
57 4 1
57 25 1
57 26 1
57 38 1
57 39 1
57 40 1
57 41 1
57 59 1
57 77 1
57 78 1
57 84 1
57 85 1
57 87 1
57 93 1
57 144 1
57 146 1
57 148 1
57 149 1
57 150 1
57 151 1
57 152 1
57 153 1
57 154 1
57 155 1
57 156 1
57 157 1
57 158 1
58 22 1
58 25 1
58 26 1
58 40 1
58 41 1
58 59 1
58 78 1
58 84 1
58 85 1
58 87 1
58 89 1
58 145 1
58 146 1
58 148 1
58 149 1
58 150 1
58 151 1
58 152 1
58 153 1
58 154 1
58 155 1
58 156 1
58 157 1
58 158 1
59 2 1
59 3 1
59 4 1
59 22 1
59 23 1
59 24 1
59 25 1
59 40 1
59 41 1
59 42 1
59 78 1
59 84 1
59 85 1
59 86 1
59 87 1
59 88 1
59 89 1
59 90 1
59 91 1
59 93 1
59 145 1
59 146 1
59 147 1
59 148 1
59 149 1
59 150 1
59 151 1
59 152 1
59 153 1
59 154 1
59 155 1
59 156 1
59 157 1
59 158 1
59 161 1
59 162 1
59 163 1
59 164 1
59 165 1
59 166 1
59 167 1
59 168 1
59 169 1
59 170 1
59 172 1
59 173 1
59 174 1
59 175 1
59 178 1
60 2 1
60 3 1
60 22 1
60 23 1
60 42 1
60 43 1
60 76 1
60 81 1
60 87 1
60 88 1
60 89 1
60 90 1
60 91 1
60 93 1
60 145 1
60 146 1
60 147 1
60 149 1
60 150 1
60 151 1
60 152 1
60 153 1
60 155 1
60 156 1
60 157 1
60 158 1
60 161 1
60 162 1
60 163 1
60 164 1
60 165 1
60 166 1
60 167 1
60 168 1
60 169 1
60 170 1
60 171 1
60 172 1
60 173 1
60 174 1
60 175 1
60 176 1
60 177 1
60 178 1
61 2 1
61 3 1
61 43 1
61 81 1
61 88 1
61 90 1
61 91 1
61 167 1
61 168 1
61 169 1
61 170 1
61 171 1
61 172 1
61 173 1
61 174 1
61 175 1
61 177 1
61 178 1
62 2 1
62 3 1
62 43 1
62 44 1
62 76 1
62 81 1
62 88 1
62 90 1
62 91 1
62 164 1
62 165 1
62 167 1
62 168 1
62 169 1
62 170 1
62 171 1
62 172 1
62 173 1
62 174 1
62 175 1
62 176 1
62 177 1
62 178 1
63 2 1
63 3 1
63 44 1
63 76 1
63 81 1
63 88 1
63 90 1
63 91 1
63 171 1
63 172 1
63 173 1
63 174 1
63 175 1
63 176 1
63 177 1
63 178 1
64 1 1
64 2 1
64 3 1
64 44 1
64 45 1
64 66 1
64 76 1
64 81 1
64 88 1
64 90 1
64 91 1
64 93 1
64 164 1
64 165 1
64 167 1
64 168 1
64 169 1
64 170 1
64 171 1
64 172 1
64 173 1
64 174 1
64 175 1
64 176 1
64 177 1
64 178 1
64 179 1
65 1 1
65 2 1
65 3 1
65 45 1
65 46 1
65 63 1
65 64 1
65 65 1
65 66 1
65 76 1
65 81 1
65 88 1
65 90 1
65 91 1
65 176 1
65 177 1
65 178 1
65 179 1
66 0 1
66 1 1
66 46 1
66 47 1
66 63 1
66 64 1
66 65 1
66 179 1
67 47 1
67 63 1
67 65 1
68 34 1
68 47 1
68 63 1
68 65 1
69 0 1
69 47 1
69 63 1
69 64 1
69 65 1
70 5 1
70 6 1
70 17 1
70 48 1
70 55 1
70 92 1
70 94 1
70 95 1
70 96 1
70 97 1
70 98 1
70 100 1
70 108 1
70 109 1
70 110 1
70 123 1
70 124 1
70 125 1
70 126 1
70 128 1
70 129 1
70 130 1
70 133 1
70 138 1
70 141 1
71 48 1
71 98 1
71 100 1
71 110 1
71 123 1
71 124 1
71 125 1
71 126 1
71 128 1
71 129 1
71 130 1
72 16 1
72 48 1
72 49 1
72 95 1
72 98 1
72 100 1
72 101 1
72 122 1
72 123 1
72 124 1
72 125 1
72 126 1
72 128 1
72 129 1
72 130 1
72 133 1
73 16 1
73 49 1
73 50 1
73 100 1
73 101 1
73 105 1
73 122 1
73 123 1
73 124 1
73 125 1
73 126 1
73 127 1
74 16 1
74 50 1
74 101 1
74 105 1
74 122 1
74 127 1
75 14 1
75 16 1
75 50 1
75 51 1
75 101 1
75 105 1
75 107 1
75 122 1
75 127 1
75 136 1
75 142 1
75 143 1
75 159 1
75 160 1
76 6 1
76 7 1
76 8 1
76 9 1
76 13 1
76 14 1
76 16 1
76 51 1
76 52 1
76 99 1
76 103 1
76 104 1
76 105 1
76 106 1
76 107 1
76 122 1
76 127 1
76 136 1
76 142 1
76 143 1
76 159 1
76 160 1
77 6 1
77 7 1
77 8 1
77 9 1
77 13 1
77 14 1
77 52 1
77 53 1
77 99 1
77 102 1
77 103 1
77 104 1
77 106 1
77 107 1
77 138 1
77 140 1
77 141 1
77 142 1
77 143 1
77 159 1
77 160 1
78 6 1
78 7 1
78 8 1
78 48 1
78 53 1
78 99 1
78 102 1
78 103 1
78 140 1
78 141 1
79 6 1
79 7 1
79 14 1
79 53 1
79 54 1
79 99 1
79 102 1
79 103 1
79 104 1
79 107 1
79 138 1
79 140 1
79 141 1
79 159 1
79 160 1
80 6 1
80 50 1
80 54 1
80 99 1
80 138 1
80 140 1
80 141 1
81 5 1
81 6 1
81 7 1
81 14 1
81 17 1
81 54 1
81 55 1
81 92 1
81 94 1
81 95 1
81 96 1
81 97 1
81 98 1
81 99 1
81 103 1
81 107 1
81 108 1
81 109 1
81 110 1
81 123 1
81 124 1
81 125 1
81 126 1
81 128 1
81 129 1
81 130 1
81 133 1
81 138 1
81 140 1
81 141 1
81 159 1
81 160 1
82 27 1
82 28 1
82 30 1
82 37 1
82 56 1
82 62 1
82 69 1
82 71 1
82 72 1
82 73 1
82 74 1
82 79 1
82 80 1
82 82 1
82 111 1
82 112 1
82 113 1
82 114 1
82 115 1
82 116 1
82 117 1
82 118 1
82 119 1
82 120 1
82 121 1
82 131 1
82 137 1
83 27 1
83 28 1
83 30 1
83 56 1
83 57 1
83 61 1
83 69 1
83 71 1
83 72 1
83 73 1
83 74 1
83 79 1
83 80 1
83 82 1
83 83 1
83 111 1
83 112 1
83 113 1
83 114 1
83 115 1
83 116 1
83 117 1
83 118 1
83 119 1
83 120 1
83 121 1
83 131 1
84 27 1
84 28 1
84 57 1
84 61 1
84 80 1
84 82 1
84 83 1
84 115 1
84 120 1
84 121 1
84 131 1
85 26 1
85 27 1
85 28 1
85 57 1
85 58 1
85 80 1
85 82 1
85 83 1
85 84 1
85 115 1
85 120 1
85 121 1
85 131 1
85 154 1
86 26 1
86 27 1
86 38 1
86 39 1
86 40 1
86 58 1
86 59 1
86 77 1
86 78 1
86 83 1
86 84 1
86 121 1
86 131 1
86 144 1
86 154 1
87 26 1
87 37 1
87 38 1
87 39 1
87 59 1
87 60 1
87 75 1
87 77 1
87 78 1
87 84 1
87 137 1
87 144 1
87 154 1
88 37 1
88 38 1
88 60 1
88 61 1
88 75 1
88 137 1
88 144 1
89 61 1
89 75 1
89 137 1
90 61 1
90 75 1
90 137 1
91 37 1
91 38 1
91 39 1
91 60 1
91 61 1
91 62 1
91 69 1
91 71 1
91 72 1
91 73 1
91 74 1
91 75 1
91 112 1
91 113 1
91 114 1
91 117 1
91 118 1
91 137 1
91 144 1
92 0 1
92 1 1
92 46 1
92 47 1
92 63 1
92 64 1
92 65 1
92 179 1
93 0 1
93 1 1
93 46 1
93 47 1
93 63 1
93 64 1
93 65 1
93 179 1
94 1 1
94 2 1
94 45 1
94 46 1
94 63 1
94 64 1
94 65 1
94 66 1
94 76 1
94 81 1
94 88 1
94 90 1
94 174 1
94 175 1
94 176 1
94 177 1
94 178 1
94 179 1
95 33 1
95 34 1
95 35 1
95 67 1
95 68 1
95 70 1
95 73 1
95 112 1
95 113 1
95 118 1
95 132 1
95 134 1
95 135 1
96 31 1
96 32 1
96 33 1
96 34 1
96 35 1
96 67 1
96 68 1
96 70 1
96 71 1
96 73 1
96 113 1
96 118 1
96 132 1
96 134 1
96 135 1
97 30 1
97 31 1
97 32 1
97 33 1
97 34 1
97 35 1
97 67 1
97 68 1
97 69 1
97 70 1
97 71 1
97 114 1
97 132 1
97 134 1
97 135 1
98 28 1
98 29 1
98 30 1
98 35 1
98 36 1
98 56 1
98 68 1
98 69 1
98 70 1
98 71 1
98 72 1
98 73 1
98 79 1
98 80 1
98 82 1
98 111 1
98 112 1
98 113 1
98 114 1
98 115 1
98 116 1
98 117 1
98 118 1
98 119 1
98 120 1
98 121 1
98 131 1
98 132 1
98 135 1
99 28 1
99 29 1
99 30 1
99 32 1
99 36 1
99 37 1
99 56 1
99 62 1
99 68 1
99 69 1
99 70 1
99 71 1
99 72 1
99 73 1
99 74 1
99 79 1
99 80 1
99 82 1
99 111 1
99 112 1
99 113 1
99 114 1
99 115 1
99 116 1
99 117 1
99 118 1
99 119 1
99 120 1
99 121 1
99 131 1
99 134 1
99 137 1
100 28 1
100 29 1
100 30 1
100 32 1
100 36 1
100 37 1
100 56 1
100 62 1
100 67 1
100 69 1
100 70 1
100 71 1
100 72 1
100 73 1
100 74 1
100 79 1
100 80 1
100 82 1
100 83 1
100 111 1
100 112 1
100 113 1
100 114 1
100 115 1
100 116 1
100 117 1
100 118 1
100 119 1
100 120 1
100 121 1
100 131 1
100 134 1
100 137 1
101 37 1
101 38 1
101 60 1
101 61 1
101 75 1
101 137 1
101 144 1
102 25 1
102 26 1
102 38 1
102 39 1
102 59 1
102 60 1
102 75 1
102 77 1
102 78 1
102 144 1
102 148 1
102 149 1
102 150 1
102 151 1
102 152 1
102 153 1
102 154 1
103 1 1
103 2 1
103 44 1
103 45 1
103 66 1
103 76 1
103 81 1
103 88 1
103 90 1
103 93 1
103 158 1
103 163 1
103 164 1
103 165 1
103 166 1
103 167 1
103 168 1
103 169 1
103 170 1
103 171 1
103 172 1
103 173 1
103 174 1
103 175 1
103 176 1
103 177 1
103 178 1
103 179 1
104 26 1
104 38 1
104 39 1
104 40 1
104 59 1
104 77 1
104 78 1
104 84 1
104 144 1
104 154 1
105 28 1
105 29 1
105 30 1
105 32 1
105 36 1
105 56 1
105 57 1
105 69 1
105 70 1
105 71 1
105 72 1
105 73 1
105 74 1
105 79 1
105 80 1
105 82 1
105 83 1
105 111 1
105 112 1
105 113 1
105 114 1
105 115 1
105 116 1
105 117 1
105 118 1
105 119 1
105 120 1
105 131 1
106 1 1
106 2 1
106 43 1
106 44 1
106 45 1
106 66 1
106 76 1
106 81 1
106 88 1
106 90 1
106 93 1
106 153 1
106 157 1
106 158 1
106 163 1
106 164 1
106 165 1
106 166 1
106 167 1
106 168 1
106 169 1
106 170 1
106 171 1
106 172 1
106 173 1
106 174 1
106 175 1
106 176 1
106 177 1
106 178 1
106 179 1
107 28 1
107 29 1
107 30 1
107 32 1
107 36 1
107 56 1
107 57 1
107 69 1
107 70 1
107 71 1
107 72 1
107 73 1
107 74 1
107 79 1
107 80 1
107 82 1
107 111 1
107 112 1
107 113 1
107 114 1
107 115 1
107 116 1
107 117 1
107 118 1
107 119 1
107 120 1
108 22 1
108 25 1
108 26 1
108 27 1
108 40 1
108 41 1
108 58 1
108 59 1
108 77 1
108 78 1
108 83 1
108 84 1
108 85 1
108 87 1
108 89 1
108 121 1
108 131 1
108 145 1
108 146 1
108 147 1
108 148 1
108 149 1
108 150 1
108 151 1
108 152 1
108 153 1
108 154 1
108 155 1
108 156 1
108 157 1
108 158 1
109 22 1
109 25 1
109 26 1
109 27 1
109 40 1
109 41 1
109 58 1
109 59 1
109 77 1
109 78 1
109 83 1
109 84 1
109 85 1
109 87 1
109 89 1
109 121 1
109 131 1
109 145 1
109 146 1
109 147 1
109 148 1
109 149 1
109 150 1
109 151 1
109 152 1
109 153 1
109 154 1
109 155 1
109 156 1
109 157 1
109 158 1
110 22 1
110 23 1
110 24 1
110 25 1
110 40 1
110 41 1
110 78 1
110 84 1
110 85 1
110 86 1
110 87 1
110 89 1
110 144 1
110 145 1
110 146 1
110 147 1
110 148 1
110 149 1
110 150 1
110 151 1
110 152 1
110 153 1
110 154 1
110 155 1
110 156 1
110 157 1
110 158 1
111 2 1
111 3 1
111 4 1
111 23 1
111 24 1
111 41 1
111 42 1
111 86 1
111 87 1
111 88 1
111 90 1
111 91 1
111 93 1
111 147 1
111 148 1
111 149 1
111 150 1
111 155 1
111 156 1
111 161 1
111 162 1
111 163 1
111 164 1
111 165 1
111 166 1
111 167 1
111 168 1
111 169 1
111 170 1
111 172 1
111 173 1
111 174 1
111 175 1
111 178 1
112 1 1
112 2 1
112 22 1
112 23 1
112 42 1
112 43 1
112 44 1
112 45 1
112 66 1
112 76 1
112 81 1
112 87 1
112 88 1
112 89 1
112 90 1
112 93 1
112 145 1
112 146 1
112 147 1
112 149 1
112 150 1
112 151 1
112 152 1
112 153 1
112 155 1
112 156 1
112 157 1
112 161 1
112 162 1
112 163 1
112 164 1
112 165 1
112 166 1
112 167 1
112 168 1
112 169 1
112 170 1
112 171 1
112 172 1
112 173 1
112 174 1
112 175 1
112 176 1
112 177 1
112 178 1
112 179 1
113 1 1
113 2 1
113 22 1
113 23 1
113 42 1
113 43 1
113 44 1
113 45 1
113 66 1
113 76 1
113 81 1
113 87 1
113 88 1
113 89 1
113 90 1
113 93 1
113 97 1
113 139 1
113 145 1
113 146 1
113 147 1
113 149 1
113 150 1
113 151 1
113 152 1
113 153 1
113 155 1
113 156 1
113 157 1
113 161 1
113 162 1
113 163 1
113 164 1
113 165 1
113 166 1
113 167 1
113 168 1
113 169 1
113 170 1
113 171 1
113 172 1
113 173 1
113 174 1
113 176 1
113 177 1
113 178 1
113 179 1
114 2 1
114 3 1
114 4 1
114 22 1
114 24 1
114 41 1
114 42 1
114 84 1
114 85 1
114 87 1
114 88 1
114 89 1
114 90 1
114 91 1
114 93 1
114 145 1
114 146 1
114 147 1
114 148 1
114 149 1
114 150 1
114 151 1
114 152 1
114 153 1
114 155 1
114 156 1
114 157 1
114 158 1
114 161 1
114 162 1
114 163 1
114 164 1
114 165 1
114 166 1
114 167 1
114 168 1
114 169 1
114 170 1
114 172 1
114 173 1
114 174 1
114 175 1
114 178 1
115 3 1
115 21 1
115 22 1
115 24 1
115 42 1
115 43 1
115 44 1
115 45 1
115 86 1
115 87 1
115 89 1
115 90 1
115 91 1
115 92 1
115 93 1
115 94 1
115 95 1
115 96 1
115 109 1
115 110 1
115 125 1
115 126 1
115 129 1
115 130 1
115 133 1
115 145 1
115 147 1
115 149 1
115 150 1
115 151 1
115 152 1
115 155 1
115 156 1
115 157 1
115 161 1
115 162 1
115 163 1
115 164 1
115 165 1
115 166 1
115 167 1
115 168 1
115 169 1
115 170 1
115 171 1
115 172 1
115 173 1
115 174 1
115 175 1
115 176 1
115 177 1
115 178 1
115 179 1
116 3 1
116 4 1
116 5 1
116 17 1
116 18 1
116 20 1
116 21 1
116 55 1
116 92 1
116 93 1
116 94 1
116 95 1
116 96 1
116 97 1
116 98 1
116 108 1
116 109 1
116 110 1
116 123 1
116 124 1
116 125 1
116 126 1
116 128 1
116 129 1
116 130 1
116 133 1
116 139 1
116 145 1
116 146 1
116 152 1
116 153 1
116 157 1
116 158 1
116 164 1
116 170 1
116 175 1
117 4 1
117 5 1
117 17 1
117 18 1
117 20 1
117 21 1
117 55 1
117 91 1
117 92 1
117 93 1
117 94 1
117 95 1
117 96 1
117 97 1
117 98 1
117 108 1
117 109 1
117 110 1
117 123 1
117 124 1
117 125 1
117 126 1
117 128 1
117 129 1
117 130 1
117 133 1
117 139 1
117 145 1
117 146 1
117 152 1
117 153 1
117 157 1
117 158 1
117 174 1
118 5 1
118 6 1
118 17 1
118 18 1
118 20 1
118 21 1
118 55 1
118 91 1
118 92 1
118 93 1
118 94 1
118 95 1
118 96 1
118 97 1
118 98 1
118 108 1
118 109 1
118 110 1
118 123 1
118 124 1
118 125 1
118 126 1
118 128 1
118 129 1
118 130 1
118 133 1
118 138 1
118 141 1
118 145 1
118 152 1
118 157 1
118 169 1
118 174 1
119 5 1
119 6 1
119 17 1
119 18 1
119 20 1
119 55 1
119 92 1
119 94 1
119 95 1
119 96 1
119 97 1
119 98 1
119 108 1
119 109 1
119 110 1
119 123 1
119 124 1
119 125 1
119 126 1
119 128 1
119 129 1
119 130 1
119 133 1
119 138 1
119 141 1
120 6 1
120 7 1
120 17 1
120 52 1
120 53 1
120 54 1
120 55 1
120 96 1
120 97 1
120 98 1
120 99 1
120 102 1
120 103 1
120 123 1
120 138 1
120 140 1
120 141 1
120 142 1
120 143 1
121 18 1
121 19 1
121 20 1
121 92 1
121 94 1
121 96 1
121 97 1
122 5 1
122 16 1
122 48 1
122 49 1
122 95 1
122 98 1
122 100 1
122 101 1
122 122 1
122 123 1
122 124 1
122 125 1
122 126 1
122 128 1
122 129 1
122 130 1
122 133 1
123 6 1
123 7 1
123 52 1
123 53 1
123 54 1
123 92 1
123 99 1
123 102 1
123 103 1
123 124 1
123 138 1
123 140 1
123 141 1
123 142 1
123 143 1
124 16 1
124 19 1
124 49 1
124 50 1
124 100 1
124 101 1
124 105 1
124 122 1
124 123 1
124 124 1
124 125 1
124 126 1
124 127 1
124 128 1
124 129 1
124 130 1
125 6 1
125 7 1
125 8 1
125 14 1
125 53 1
125 99 1
125 102 1
125 103 1
125 104 1
125 107 1
125 140 1
125 141 1
125 159 1
125 160 1
126 14 1
126 16 1
126 49 1
126 50 1
126 51 1
126 100 1
126 101 1
126 105 1
126 107 1
126 122 1
126 123 1
126 124 1
126 125 1
126 126 1
126 127 1
126 130 1
126 136 1
126 142 1
126 143 1
126 159 1
126 160 1
127 9 1
127 10 1
127 12 1
127 13 1
127 52 1
127 104 1
127 106 1
128 14 1
128 15 1
128 16 1
128 51 1
128 52 1
128 102 1
128 103 1
128 104 1
128 105 1
128 106 1
128 107 1
128 122 1
128 127 1
128 136 1
128 138 1
128 140 1
128 141 1
128 142 1
128 143 1
128 159 1
128 160 1
129 9 1
129 10 1
129 11 1
129 12 1
130 18 1
130 19 1
130 20 1
130 92 1
130 94 1
130 96 1
130 97 1
131 5 1
131 6 1
131 17 1
131 18 1
131 20 1
131 21 1
131 55 1
131 90 1
131 91 1
131 92 1
131 94 1
131 95 1
131 96 1
131 97 1
131 98 1
131 108 1
131 109 1
131 110 1
131 123 1
131 124 1
131 125 1
131 126 1
131 128 1
131 129 1
131 130 1
131 133 1
131 138 1
131 141 1
131 145 1
131 152 1
131 157 1
131 169 1
131 174 1
132 4 1
132 5 1
132 17 1
132 18 1
132 20 1
132 21 1
132 55 1
132 91 1
132 92 1
132 93 1
132 94 1
132 95 1
132 96 1
132 97 1
132 98 1
132 108 1
132 109 1
132 110 1
132 123 1
132 124 1
132 125 1
132 126 1
132 128 1
132 129 1
132 130 1
132 133 1
132 139 1
132 145 1
132 146 1
132 152 1
132 153 1
132 157 1
132 158 1
132 174 1
133 3 1
133 4 1
133 5 1
133 17 1
133 18 1
133 20 1
133 21 1
133 55 1
133 92 1
133 93 1
133 94 1
133 95 1
133 96 1
133 97 1
133 98 1
133 108 1
133 109 1
133 110 1
133 123 1
133 124 1
133 125 1
133 126 1
133 128 1
133 129 1
133 130 1
133 133 1
133 139 1
133 145 1
133 146 1
133 152 1
133 153 1
133 157 1
133 158 1
133 164 1
133 170 1
133 175 1
134 3 1
134 4 1
134 5 1
134 17 1
134 18 1
134 20 1
134 21 1
134 55 1
134 92 1
134 93 1
134 94 1
134 95 1
134 96 1
134 97 1
134 98 1
134 108 1
134 109 1
134 110 1
134 123 1
134 124 1
134 125 1
134 126 1
134 128 1
134 129 1
134 130 1
134 133 1
134 139 1
134 145 1
134 146 1
134 152 1
134 153 1
134 157 1
134 158 1
134 164 1
134 170 1
134 175 1
135 28 1
135 29 1
135 30 1
135 32 1
135 36 1
135 56 1
135 57 1
135 69 1
135 70 1
135 71 1
135 72 1
135 73 1
135 74 1
135 79 1
135 80 1
135 82 1
135 83 1
135 111 1
135 112 1
135 113 1
135 114 1
135 115 1
135 116 1
135 117 1
135 118 1
135 119 1
135 120 1
135 121 1
135 131 1
136 28 1
136 29 1
136 30 1
136 32 1
136 36 1
136 37 1
136 56 1
136 62 1
136 67 1
136 69 1
136 70 1
136 71 1
136 72 1
136 73 1
136 74 1
136 79 1
136 80 1
136 82 1
136 111 1
136 112 1
136 113 1
136 114 1
136 115 1
136 116 1
136 117 1
136 118 1
136 119 1
136 120 1
136 121 1
136 131 1
136 137 1
137 28 1
137 29 1
137 30 1
137 32 1
137 36 1
137 37 1
137 56 1
137 62 1
137 67 1
137 68 1
137 69 1
137 70 1
137 71 1
137 72 1
137 73 1
137 74 1
137 79 1
137 80 1
137 82 1
137 111 1
137 112 1
137 113 1
137 114 1
137 115 1
137 116 1
137 117 1
137 118 1
137 119 1
137 120 1
137 121 1
137 131 1
137 134 1
137 137 1
138 28 1
138 29 1
138 30 1
138 32 1
138 35 1
138 36 1
138 56 1
138 68 1
138 69 1
138 70 1
138 71 1
138 72 1
138 73 1
138 79 1
138 80 1
138 82 1
138 111 1
138 112 1
138 113 1
138 114 1
138 115 1
138 116 1
138 117 1
138 118 1
138 119 1
138 120 1
138 121 1
138 131 1
138 132 1
138 134 1
138 135 1
139 28 1
139 29 1
139 30 1
139 35 1
139 36 1
139 56 1
139 69 1
139 70 1
139 71 1
139 72 1
139 73 1
139 79 1
139 80 1
139 82 1
139 111 1
139 112 1
139 113 1
139 114 1
139 115 1
139 116 1
139 117 1
139 118 1
139 119 1
139 120 1
139 121 1
139 131 1
139 132 1
139 135 1
140 27 1
140 28 1
140 30 1
140 32 1
140 36 1
140 56 1
140 57 1
140 69 1
140 70 1
140 71 1
140 72 1
140 73 1
140 74 1
140 79 1
140 80 1
140 82 1
140 83 1
140 111 1
140 112 1
140 113 1
140 114 1
140 115 1
140 116 1
140 117 1
140 118 1
140 119 1
140 120 1
140 121 1
140 131 1
141 27 1
141 28 1
141 30 1
141 32 1
141 36 1
141 37 1
141 56 1
141 62 1
141 69 1
141 70 1
141 71 1
141 72 1
141 73 1
141 74 1
141 79 1
141 80 1
141 82 1
141 111 1
141 112 1
141 113 1
141 114 1
141 115 1
141 116 1
141 117 1
141 118 1
141 119 1
141 120 1
141 121 1
141 131 1
141 137 1
142 27 1
142 28 1
142 30 1
142 32 1
142 36 1
142 37 1
142 56 1
142 62 1
142 67 1
142 69 1
142 70 1
142 71 1
142 72 1
142 73 1
142 74 1
142 79 1
142 80 1
142 82 1
142 111 1
142 112 1
142 113 1
142 114 1
142 115 1
142 116 1
142 117 1
142 118 1
142 119 1
142 120 1
142 121 1
142 131 1
142 134 1
142 137 1
143 27 1
143 28 1
143 30 1
143 32 1
143 35 1
143 36 1
143 56 1
143 67 1
143 68 1
143 69 1
143 70 1
143 71 1
143 72 1
143 73 1
143 79 1
143 80 1
143 82 1
143 111 1
143 112 1
143 113 1
143 114 1
143 115 1
143 116 1
143 117 1
143 118 1
143 119 1
143 120 1
143 121 1
143 131 1
143 132 1
143 134 1
143 135 1
144 27 1
144 28 1
144 30 1
144 35 1
144 36 1
144 56 1
144 69 1
144 70 1
144 71 1
144 72 1
144 73 1
144 79 1
144 80 1
144 82 1
144 111 1
144 112 1
144 113 1
144 114 1
144 115 1
144 116 1
144 117 1
144 118 1
144 119 1
144 120 1
144 121 1
144 131 1
144 132 1
144 135 1
145 27 1
145 28 1
145 30 1
145 31 1
145 32 1
145 35 1
145 36 1
145 56 1
145 67 1
145 68 1
145 69 1
145 70 1
145 71 1
145 72 1
145 73 1
145 79 1
145 80 1
145 82 1
145 111 1
145 112 1
145 113 1
145 114 1
145 115 1
145 116 1
145 117 1
145 118 1
145 119 1
145 120 1
145 121 1
145 131 1
145 132 1
145 134 1
145 135 1
146 27 1
146 28 1
146 30 1
146 31 1
146 32 1
146 36 1
146 37 1
146 56 1
146 62 1
146 67 1
146 69 1
146 70 1
146 71 1
146 72 1
146 73 1
146 74 1
146 79 1
146 80 1
146 82 1
146 111 1
146 112 1
146 113 1
146 114 1
146 115 1
146 116 1
146 117 1
146 118 1
146 119 1
146 120 1
146 121 1
146 131 1
146 137 1
147 27 1
147 28 1
147 29 1
147 30 1
147 31 1
147 32 1
147 36 1
147 37 1
147 56 1
147 62 1
147 69 1
147 70 1
147 71 1
147 72 1
147 73 1
147 74 1
147 79 1
147 80 1
147 82 1
147 111 1
147 112 1
147 113 1
147 114 1
147 115 1
147 116 1
147 117 1
147 118 1
147 119 1
147 120 1
147 121 1
147 131 1
147 137 1
148 27 1
148 28 1
148 30 1
148 31 1
148 36 1
148 56 1
148 57 1
148 69 1
148 70 1
148 71 1
148 72 1
148 73 1
148 74 1
148 79 1
148 80 1
148 82 1
148 83 1
148 111 1
148 112 1
148 113 1
148 114 1
148 115 1
148 116 1
148 117 1
148 118 1
148 119 1
148 120 1
148 121 1
148 131 1
149 26 1
149 27 1
149 28 1
149 30 1
149 31 1
149 36 1
149 56 1
149 57 1
149 58 1
149 69 1
149 70 1
149 71 1
149 72 1
149 73 1
149 74 1
149 79 1
149 80 1
149 82 1
149 83 1
149 84 1
149 111 1
149 112 1
149 113 1
149 114 1
149 115 1
149 116 1
149 117 1
149 118 1
149 119 1
149 120 1
149 121 1
149 131 1
149 154 1
150 26 1
150 27 1
150 30 1
150 31 1
150 36 1
150 56 1
150 57 1
150 58 1
150 69 1
150 70 1
150 71 1
150 72 1
150 73 1
150 74 1
150 80 1
150 83 1
150 84 1
150 111 1
150 112 1
150 113 1
150 114 1
150 115 1
150 116 1
150 117 1
150 118 1
150 119 1
150 120 1
150 121 1
150 131 1
150 154 1
151 8 1
151 14 1
151 15 1
151 16 1
151 49 1
151 50 1
151 51 1
151 100 1
151 101 1
151 104 1
151 105 1
151 106 1
151 107 1
151 122 1
151 123 1
151 124 1
151 125 1
151 126 1
151 127 1
151 136 1
151 142 1
151 143 1
151 159 1
151 160 1
152 5 1
152 6 1
152 16 1
152 17 1
152 48 1
152 49 1
152 55 1
152 92 1
152 94 1
152 95 1
152 96 1
152 97 1
152 98 1
152 100 1
152 101 1
152 108 1
152 109 1
152 110 1
152 122 1
152 123 1
152 124 1
152 125 1
152 126 1
152 128 1
152 129 1
152 130 1
152 133 1
152 138 1
152 141 1
153 4 1
153 5 1
153 16 1
153 17 1
153 21 1
153 48 1
153 49 1
153 55 1
153 90 1
153 91 1
153 92 1
153 93 1
153 94 1
153 95 1
153 96 1
153 97 1
153 98 1
153 100 1
153 101 1
153 107 1
153 108 1
153 109 1
153 110 1
153 122 1
153 123 1
153 124 1
153 125 1
153 126 1
153 128 1
153 129 1
153 130 1
153 133 1
153 139 1
153 145 1
153 146 1
153 152 1
153 153 1
153 157 1
153 158 1
153 165 1
153 169 1
153 174 1
154 3 1
154 4 1
154 5 1
154 14 1
154 16 1
154 17 1
154 21 1
154 48 1
154 49 1
154 55 1
154 91 1
154 92 1
154 93 1
154 94 1
154 95 1
154 96 1
154 97 1
154 98 1
154 100 1
154 101 1
154 108 1
154 109 1
154 110 1
154 122 1
154 123 1
154 124 1
154 125 1
154 126 1
154 128 1
154 129 1
154 130 1
154 133 1
154 139 1
154 145 1
154 146 1
154 152 1
154 153 1
154 157 1
154 158 1
154 164 1
154 170 1
154 175 1
155 3 1
155 4 1
155 5 1
155 16 1
155 17 1
155 21 1
155 48 1
155 49 1
155 55 1
155 92 1
155 93 1
155 94 1
155 95 1
155 96 1
155 97 1
155 98 1
155 100 1
155 101 1
155 108 1
155 109 1
155 110 1
155 122 1
155 123 1
155 124 1
155 125 1
155 126 1
155 128 1
155 129 1
155 130 1
155 133 1
155 139 1
155 145 1
155 146 1
155 152 1
155 153 1
155 157 1
155 158 1
155 164 1
155 170 1
155 175 1
156 14 1
156 16 1
156 49 1
156 50 1
156 51 1
156 100 1
156 101 1
156 105 1
156 107 1
156 122 1
156 123 1
156 124 1
156 125 1
156 126 1
156 127 1
156 136 1
156 142 1
156 143 1
156 159 1
156 160 1
157 14 1
157 15 1
157 16 1
157 49 1
157 50 1
157 51 1
157 100 1
157 101 1
157 104 1
157 105 1
157 106 1
157 107 1
157 122 1
157 123 1
157 124 1
157 125 1
157 126 1
157 127 1
157 136 1
157 142 1
157 143 1
157 159 1
157 160 1
158 8 1
158 14 1
158 15 1
158 16 1
158 49 1
158 50 1
158 51 1
158 100 1
158 101 1
158 104 1
158 105 1
158 106 1
158 107 1
158 122 1
158 123 1
158 124 1
158 125 1
158 126 1
158 127 1
158 136 1
158 142 1
158 143 1
158 159 1
158 160 1
159 5 1
159 6 1
159 16 1
159 17 1
159 48 1
159 49 1
159 55 1
159 92 1
159 94 1
159 95 1
159 96 1
159 97 1
159 98 1
159 100 1
159 101 1
159 108 1
159 109 1
159 110 1
159 122 1
159 123 1
159 124 1
159 125 1
159 126 1
159 128 1
159 129 1
159 130 1
159 133 1
159 138 1
159 141 1
160 5 1
160 6 1
160 16 1
160 17 1
160 48 1
160 49 1
160 55 1
160 92 1
160 94 1
160 95 1
160 96 1
160 97 1
160 98 1
160 100 1
160 101 1
160 108 1
160 109 1
160 110 1
160 122 1
160 123 1
160 124 1
160 125 1
160 126 1
160 128 1
160 129 1
160 130 1
160 133 1
160 138 1
160 141 1
161 4 1
161 5 1
161 14 1
161 16 1
161 17 1
161 21 1
161 48 1
161 49 1
161 55 1
161 90 1
161 91 1
161 92 1
161 93 1
161 94 1
161 95 1
161 96 1
161 97 1
161 98 1
161 100 1
161 101 1
161 108 1
161 109 1
161 110 1
161 122 1
161 123 1
161 124 1
161 125 1
161 126 1
161 128 1
161 129 1
161 130 1
161 133 1
161 139 1
161 145 1
161 146 1
161 152 1
161 153 1
161 157 1
161 158 1
161 159 1
161 165 1
161 169 1
161 173 1
161 174 1
162 3 1
162 4 1
162 5 1
162 16 1
162 17 1
162 21 1
162 48 1
162 49 1
162 55 1
162 91 1
162 92 1
162 93 1
162 94 1
162 95 1
162 96 1
162 97 1
162 98 1
162 100 1
162 101 1
162 108 1
162 109 1
162 110 1
162 122 1
162 123 1
162 124 1
162 125 1
162 126 1
162 128 1
162 129 1
162 130 1
162 133 1
162 139 1
162 145 1
162 146 1
162 152 1
162 153 1
162 157 1
162 158 1
162 164 1
162 170 1
162 174 1
162 175 1
163 3 1
163 4 1
163 5 1
163 16 1
163 17 1
163 21 1
163 48 1
163 49 1
163 55 1
163 92 1
163 93 1
163 94 1
163 95 1
163 96 1
163 97 1
163 98 1
163 100 1
163 101 1
163 108 1
163 109 1
163 110 1
163 122 1
163 123 1
163 124 1
163 125 1
163 126 1
163 128 1
163 129 1
163 130 1
163 133 1
163 139 1
163 145 1
163 146 1
163 152 1
163 153 1
163 157 1
163 158 1
163 164 1
163 170 1
163 175 1
164 27 1
164 28 1
164 29 1
164 30 1
164 31 1
164 36 1
164 37 1
164 56 1
164 62 1
164 69 1
164 70 1
164 71 1
164 72 1
164 73 1
164 74 1
164 79 1
164 80 1
164 82 1
164 111 1
164 112 1
164 113 1
164 114 1
164 115 1
164 116 1
164 117 1
164 118 1
164 119 1
164 120 1
164 121 1
164 131 1
164 137 1
165 27 1
165 28 1
165 30 1
165 31 1
165 36 1
165 56 1
165 57 1
165 69 1
165 70 1
165 71 1
165 72 1
165 73 1
165 74 1
165 79 1
165 80 1
165 82 1
165 83 1
165 111 1
165 112 1
165 113 1
165 114 1
165 115 1
165 116 1
165 117 1
165 118 1
165 119 1
165 120 1
165 121 1
165 131 1
166 26 1
166 27 1
166 28 1
166 30 1
166 31 1
166 36 1
166 56 1
166 57 1
166 58 1
166 69 1
166 70 1
166 71 1
166 72 1
166 73 1
166 74 1
166 79 1
166 80 1
166 82 1
166 83 1
166 84 1
166 111 1
166 112 1
166 113 1
166 114 1
166 115 1
166 116 1
166 117 1
166 118 1
166 119 1
166 120 1
166 121 1
166 131 1
166 154 1
167 26 1
167 27 1
167 30 1
167 31 1
167 36 1
167 56 1
167 57 1
167 58 1
167 69 1
167 70 1
167 71 1
167 72 1
167 73 1
167 74 1
167 79 1
167 80 1
167 83 1
167 84 1
167 111 1
167 112 1
167 113 1
167 114 1
167 115 1
167 116 1
167 117 1
167 118 1
167 119 1
167 120 1
167 121 1
167 131 1
167 154 1
168 27 1
168 28 1
168 30 1
168 31 1
168 32 1
168 35 1
168 36 1
168 67 1
168 68 1
168 69 1
168 70 1
168 71 1
168 72 1
168 73 1
168 79 1
168 82 1
168 111 1
168 112 1
168 113 1
168 114 1
168 115 1
168 116 1
168 117 1
168 118 1
168 119 1
168 120 1
168 121 1
168 132 1
168 134 1
168 135 1
169 27 1
169 28 1
169 31 1
169 32 1
169 35 1
169 36 1
169 68 1
169 70 1
169 72 1
169 73 1
169 79 1
169 82 1
169 111 1
169 112 1
169 113 1
169 115 1
169 116 1
169 117 1
169 118 1
169 119 1
169 120 1
169 121 1
169 132 1
169 134 1
169 135 1
170 5 1
170 6 1
170 17 1
170 48 1
170 55 1
170 92 1
170 94 1
170 95 1
170 96 1
170 97 1
170 98 1
170 100 1
170 107 1
170 108 1
170 109 1
170 110 1
170 123 1
170 124 1
170 125 1
170 126 1
170 128 1
170 129 1
170 130 1
170 133 1
170 138 1
170 141 1
171 4 1
171 5 1
171 14 1
171 17 1
171 21 1
171 48 1
171 55 1
171 88 1
171 90 1
171 91 1
171 92 1
171 93 1
171 94 1
171 95 1
171 96 1
171 97 1
171 98 1
171 100 1
171 108 1
171 109 1
171 110 1
171 123 1
171 124 1
171 125 1
171 126 1
171 128 1
171 129 1
171 130 1
171 133 1
171 139 1
171 145 1
171 146 1
171 152 1
171 153 1
171 157 1
171 158 1
171 160 1
171 163 1
171 165 1
171 169 1
171 173 1
171 174 1
172 3 1
172 4 1
172 5 1
172 17 1
172 21 1
172 48 1
172 55 1
172 91 1
172 92 1
172 93 1
172 94 1
172 95 1
172 96 1
172 97 1
172 98 1
172 100 1
172 108 1
172 109 1
172 110 1
172 123 1
172 124 1
172 125 1
172 126 1
172 128 1
172 129 1
172 130 1
172 133 1
172 139 1
172 145 1
172 146 1
172 152 1
172 153 1
172 157 1
172 158 1
172 164 1
172 170 1
172 174 1
172 175 1
173 3 1
173 4 1
173 5 1
173 17 1
173 21 1
173 48 1
173 55 1
173 92 1
173 93 1
173 94 1
173 95 1
173 96 1
173 97 1
173 98 1
173 100 1
173 108 1
173 109 1
173 110 1
173 123 1
173 124 1
173 125 1
173 126 1
173 128 1
173 129 1
173 130 1
173 133 1
173 139 1
173 145 1
173 146 1
173 152 1
173 153 1
173 157 1
173 158 1
173 164 1
173 170 1
173 175 1
174 26 1
174 27 1
174 28 1
174 30 1
174 56 1
174 57 1
174 58 1
174 69 1
174 71 1
174 72 1
174 73 1
174 74 1
174 79 1
174 80 1
174 82 1
174 83 1
174 84 1
174 111 1
174 112 1
174 113 1
174 114 1
174 115 1
174 116 1
174 117 1
174 118 1
174 119 1
174 120 1
174 121 1
174 131 1
174 154 1
175 26 1
175 27 1
175 30 1
175 56 1
175 57 1
175 58 1
175 69 1
175 71 1
175 72 1
175 73 1
175 74 1
175 79 1
175 80 1
175 83 1
175 84 1
175 111 1
175 112 1
175 113 1
175 114 1
175 115 1
175 116 1
175 117 1
175 118 1
175 119 1
175 120 1
175 121 1
175 131 1
175 154 1
176 27 1
176 28 1
176 29 1
176 37 1
176 56 1
176 60 1
176 62 1
176 72 1
176 73 1
176 74 1
176 79 1
176 80 1
176 82 1
176 111 1
176 112 1
176 115 1
176 116 1
176 117 1
176 119 1
176 120 1
176 121 1
176 131 1
176 137 1
177 30 1
177 31 1
177 32 1
177 33 1
177 35 1
177 67 1
177 68 1
177 69 1
177 70 1
177 71 1
177 73 1
177 79 1
177 82 1
177 111 1
177 112 1
177 113 1
177 114 1
177 117 1
177 118 1
177 132 1
177 134 1
177 135 1
178 30 1
178 31 1
178 32 1
178 33 1
178 35 1
178 67 1
178 68 1
178 69 1
178 70 1
178 114 1
178 132 1
178 134 1
178 135 1
179 8 1
179 14 1
179 15 1
179 16 1
179 50 1
179 51 1
179 101 1
179 104 1
179 105 1
179 106 1
179 107 1
179 122 1
179 127 1
179 136 1
179 142 1
179 143 1
179 159 1
179 160 1
180 8 1
180 14 1
180 15 1
180 16 1
180 50 1
180 51 1
180 101 1
180 104 1
180 105 1
180 106 1
180 107 1
180 122 1
180 127 1
180 136 1
180 142 1
180 143 1
180 159 1
180 160 1
181 28 1
181 37 1
181 60 1
181 61 1
181 62 1
181 72 1
181 73 1
181 74 1
181 75 1
181 78 1
181 79 1
181 82 1
181 84 1
181 111 1
181 112 1
181 115 1
181 116 1
181 117 1
181 137 1
182 3 1
182 4 1
182 5 1
182 17 1
182 21 1
182 55 1
182 91 1
182 92 1
182 93 1
182 94 1
182 95 1
182 96 1
182 97 1
182 98 1
182 100 1
182 108 1
182 109 1
182 110 1
182 123 1
182 124 1
182 125 1
182 126 1
182 128 1
182 129 1
182 130 1
182 133 1
182 139 1
182 145 1
182 146 1
182 152 1
182 153 1
182 157 1
182 158 1
182 164 1
182 169 1
182 170 1
182 174 1
182 175 1
183 3 1
183 4 1
183 5 1
183 17 1
183 21 1
183 55 1
183 92 1
183 93 1
183 94 1
183 95 1
183 96 1
183 97 1
183 98 1
183 100 1
183 108 1
183 109 1
183 110 1
183 123 1
183 124 1
183 125 1
183 126 1
183 128 1
183 129 1
183 130 1
183 133 1
183 139 1
183 145 1
183 146 1
183 152 1
183 153 1
183 157 1
183 158 1
183 164 1
183 170 1
183 175 1
184 37 1
184 38 1
184 39 1
184 60 1
184 61 1
184 62 1
184 69 1
184 71 1
184 72 1
184 73 1
184 74 1
184 75 1
184 112 1
184 113 1
184 117 1
184 118 1
184 137 1
184 144 1
185 37 1
185 60 1
185 61 1
185 62 1
185 72 1
185 73 1
185 74 1
185 75 1
185 79 1
185 84 1
185 111 1
185 112 1
185 117 1
185 137 1
185 154 1
186 6 1
186 7 1
186 14 1
186 17 1
186 53 1
186 54 1
186 55 1
186 92 1
186 94 1
186 96 1
186 97 1
186 98 1
186 99 1
186 102 1
186 103 1
186 107 1
186 108 1
186 109 1
186 110 1
186 123 1
186 124 1
186 125 1
186 126 1
186 128 1
186 129 1
186 138 1
186 140 1
186 141 1
186 159 1
186 160 1
187 6 1
187 7 1
187 14 1
187 17 1
187 53 1
187 54 1
187 55 1
187 97 1
187 98 1
187 99 1
187 102 1
187 103 1
187 123 1
187 138 1
187 140 1
187 141 1
187 159 1
187 160 1
188 26 1
188 27 1
188 38 1
188 39 1
188 40 1
188 57 1
188 58 1
188 73 1
188 78 1
188 79 1
188 80 1
188 83 1
188 84 1
188 111 1
188 112 1
188 115 1
188 120 1
188 121 1
188 131 1
188 154 1
189 31 1
189 32 1
189 33 1
189 34 1
189 35 1
189 67 1
189 68 1
189 70 1
189 71 1
189 73 1
189 112 1
189 113 1
189 118 1
189 132 1
189 134 1
189 135 1
190 30 1
190 31 1
190 32 1
190 33 1
190 34 1
190 35 1
190 67 1
190 68 1
190 69 1
190 70 1
190 71 1
190 113 1
190 114 1
190 132 1
190 134 1
190 135 1
191 30 1
191 31 1
191 32 1
191 33 1
191 34 1
191 35 1
191 67 1
191 68 1
191 69 1
191 70 1
191 114 1
191 132 1
191 134 1
191 135 1
192 6 1
192 7 1
192 8 1
192 14 1
192 15 1
192 16 1
192 51 1
192 52 1
192 99 1
192 103 1
192 104 1
192 105 1
192 106 1
192 107 1
192 122 1
192 127 1
192 136 1
192 142 1
192 143 1
192 159 1
192 160 1
193 6 1
193 7 1
193 8 1
193 14 1
193 15 1
193 16 1
193 51 1
193 52 1
193 99 1
193 103 1
193 104 1
193 105 1
193 106 1
193 107 1
193 122 1
193 127 1
193 136 1
193 142 1
193 143 1
193 159 1
193 160 1
194 6 1
194 7 1
194 8 1
194 14 1
194 52 1
194 53 1
194 99 1
194 102 1
194 103 1
194 104 1
194 107 1
194 138 1
194 140 1
194 141 1
194 142 1
194 143 1
194 159 1
194 160 1
195 6 1
195 7 1
195 14 1
195 52 1
195 53 1
195 54 1
195 99 1
195 102 1
195 103 1
195 104 1
195 107 1
195 130 1
195 138 1
195 140 1
195 141 1
195 142 1
195 143 1
195 159 1
195 160 1
196 6 1
196 7 1
196 14 1
196 17 1
196 52 1
196 53 1
196 54 1
196 55 1
196 92 1
196 94 1
196 96 1
196 97 1
196 98 1
196 99 1
196 102 1
196 103 1
196 108 1
196 109 1
196 123 1
196 124 1
196 128 1
196 138 1
196 140 1
196 141 1
196 142 1
196 143 1
196 159 1
196 160 1
197 6 1
197 7 1
197 14 1
197 17 1
197 52 1
197 53 1
197 54 1
197 55 1
197 97 1
197 98 1
197 99 1
197 102 1
197 103 1
197 123 1
197 138 1
197 140 1
197 141 1
197 142 1
197 143 1
197 160 1
198 26 1
198 27 1
198 38 1
198 39 1
198 40 1
198 58 1
198 59 1
198 77 1
198 78 1
198 79 1
198 80 1
198 83 1
198 84 1
198 111 1
198 115 1
198 120 1
198 121 1
198 131 1
198 144 1
198 154 1
199 0 1
199 1 1
199 46 1
199 47 1
199 63 1
199 64 1
199 65 1
199 179 1
200 0 1
200 47 1
200 63 1
200 64 1
200 65 1
201 3 1
201 4 1
201 21 1
201 22 1
201 24 1
201 40 1
201 41 1
201 42 1
201 84 1
201 85 1
201 87 1
201 88 1
201 89 1
201 90 1
201 91 1
201 92 1
201 93 1
201 94 1
201 95 1
201 96 1
201 109 1
201 110 1
201 125 1
201 126 1
201 129 1
201 130 1
201 133 1
201 139 1
201 145 1
201 146 1
201 147 1
201 148 1
201 149 1
201 150 1
201 151 1
201 152 1
201 153 1
201 155 1
201 156 1
201 157 1
201 158 1
201 161 1
201 162 1
201 163 1
201 164 1
201 165 1
201 166 1
201 167 1
201 168 1
201 169 1
201 170 1
201 172 1
201 173 1
201 174 1
201 175 1
201 178 1
202 4 1
202 21 1
202 22 1
202 24 1
202 40 1
202 41 1
202 42 1
202 81 1
202 84 1
202 85 1
202 87 1
202 88 1
202 89 1
202 90 1
202 92 1
202 93 1
202 94 1
202 95 1
202 109 1
202 110 1
202 125 1
202 126 1
202 129 1
202 130 1
202 133 1
202 139 1
202 145 1
202 146 1
202 147 1
202 148 1
202 149 1
202 150 1
202 151 1
202 152 1
202 153 1
202 155 1
202 156 1
202 157 1
202 158 1
202 161 1
202 162 1
202 163 1
202 165 1
202 166 1
202 167 1
202 168 1
202 169 1
202 172 1
202 173 1
202 178 1
203 2 1
203 3 1
203 4 1
203 22 1
203 23 1
203 24 1
203 41 1
203 42 1
203 86 1
203 87 1
203 88 1
203 89 1
203 90 1
203 91 1
203 93 1
203 145 1
203 146 1
203 147 1
203 148 1
203 149 1
203 150 1
203 151 1
203 152 1
203 153 1
203 155 1
203 156 1
203 157 1
203 158 1
203 161 1
203 162 1
203 163 1
203 164 1
203 165 1
203 166 1
203 167 1
203 168 1
203 169 1
203 170 1
203 172 1
203 173 1
203 174 1
203 175 1
203 178 1
204 3 1
204 4 1
204 22 1
204 23 1
204 24 1
204 41 1
204 86 1
204 87 1
204 89 1
204 91 1
204 93 1
204 145 1
204 146 1
204 147 1
204 148 1
204 149 1
204 150 1
204 151 1
204 152 1
204 153 1
204 155 1
204 156 1
204 157 1
204 158 1
204 162 1
204 163 1
204 164 1
204 165 1
204 166 1
204 169 1
204 170 1
204 174 1
204 175 1
205 2 1
205 3 1
205 4 1
205 22 1
205 23 1
205 24 1
205 25 1
205 38 1
205 39 1
205 40 1
205 41 1
205 42 1
205 78 1
205 84 1
205 85 1
205 86 1
205 87 1
205 88 1
205 89 1
205 90 1
205 91 1
205 93 1
205 145 1
205 146 1
205 147 1
205 148 1
205 149 1
205 150 1
205 151 1
205 152 1
205 153 1
205 154 1
205 155 1
205 156 1
205 157 1
205 158 1
205 161 1
205 162 1
205 163 1
205 164 1
205 165 1
205 166 1
205 167 1
205 168 1
205 169 1
205 170 1
205 172 1
205 173 1
205 174 1
205 175 1
205 178 1
206 2 1
206 3 1
206 4 1
206 22 1
206 23 1
206 24 1
206 25 1
206 38 1
206 39 1
206 40 1
206 41 1
206 42 1
206 78 1
206 84 1
206 85 1
206 86 1
206 87 1
206 88 1
206 89 1
206 90 1
206 91 1
206 93 1
206 145 1
206 146 1
206 147 1
206 148 1
206 149 1
206 150 1
206 151 1
206 152 1
206 153 1
206 154 1
206 155 1
206 156 1
206 157 1
206 158 1
206 161 1
206 162 1
206 163 1
206 164 1
206 165 1
206 166 1
206 167 1
206 168 1
206 169 1
206 170 1
206 172 1
206 173 1
206 174 1
206 175 1
206 178 1
207 2 1
207 3 1
207 4 1
207 22 1
207 24 1
207 25 1
207 38 1
207 39 1
207 40 1
207 41 1
207 42 1
207 78 1
207 84 1
207 85 1
207 86 1
207 87 1
207 88 1
207 89 1
207 90 1
207 91 1
207 93 1
207 145 1
207 146 1
207 147 1
207 148 1
207 149 1
207 150 1
207 151 1
207 152 1
207 153 1
207 154 1
207 155 1
207 156 1
207 157 1
207 158 1
207 161 1
207 162 1
207 163 1
207 164 1
207 165 1
207 166 1
207 167 1
207 168 1
207 169 1
207 170 1
207 172 1
207 173 1
207 174 1
207 175 1
207 178 1
208 3 1
208 4 1
208 21 1
208 22 1
208 24 1
208 25 1
208 38 1
208 39 1
208 40 1
208 41 1
208 42 1
208 78 1
208 84 1
208 85 1
208 87 1
208 88 1
208 89 1
208 90 1
208 91 1
208 92 1
208 93 1
208 94 1
208 95 1
208 96 1
208 97 1
208 108 1
208 109 1
208 110 1
208 125 1
208 126 1
208 129 1
208 130 1
208 133 1
208 139 1
208 145 1
208 146 1
208 147 1
208 148 1
208 149 1
208 150 1
208 151 1
208 152 1
208 153 1
208 154 1
208 155 1
208 156 1
208 157 1
208 158 1
208 161 1
208 162 1
208 163 1
208 164 1
208 165 1
208 166 1
208 167 1
208 168 1
208 169 1
208 170 1
208 172 1
208 173 1
208 174 1
208 175 1
208 178 1
209 3 1
209 4 1
209 21 1
209 22 1
209 24 1
209 25 1
209 38 1
209 39 1
209 40 1
209 41 1
209 42 1
209 78 1
209 84 1
209 85 1
209 87 1
209 88 1
209 89 1
209 90 1
209 91 1
209 92 1
209 93 1
209 94 1
209 95 1
209 96 1
209 109 1
209 110 1
209 125 1
209 126 1
209 129 1
209 130 1
209 133 1
209 139 1
209 145 1
209 146 1
209 147 1
209 148 1
209 149 1
209 150 1
209 151 1
209 152 1
209 153 1
209 154 1
209 155 1
209 156 1
209 157 1
209 158 1
209 161 1
209 162 1
209 163 1
209 164 1
209 165 1
209 166 1
209 167 1
209 168 1
209 169 1
209 170 1
209 172 1
209 173 1
209 174 1
209 175 1
209 178 1
210 4 1
210 21 1
210 22 1
210 24 1
210 25 1
210 38 1
210 39 1
210 40 1
210 41 1
210 42 1
210 78 1
210 81 1
210 84 1
210 85 1
210 87 1
210 88 1
210 89 1
210 90 1
210 92 1
210 93 1
210 94 1
210 95 1
210 109 1
210 110 1
210 125 1
210 126 1
210 129 1
210 130 1
210 133 1
210 139 1
210 145 1
210 146 1
210 147 1
210 148 1
210 149 1
210 150 1
210 151 1
210 152 1
210 153 1
210 154 1
210 155 1
210 156 1
210 157 1
210 158 1
210 161 1
210 162 1
210 163 1
210 165 1
210 166 1
210 167 1
210 168 1
210 169 1
210 172 1
210 173 1
210 177 1
210 178 1
211 4 1
211 25 1
211 26 1
211 27 1
211 38 1
211 39 1
211 40 1
211 41 1
211 58 1
211 59 1
211 77 1
211 78 1
211 83 1
211 84 1
211 85 1
211 87 1
211 93 1
211 121 1
211 131 1
211 144 1
211 148 1
211 149 1
211 150 1
211 151 1
211 152 1
211 153 1
211 154 1
211 155 1
211 156 1
211 157 1
211 158 1
211 163 1
211 164 1
212 4 1
212 25 1
212 26 1
212 38 1
212 39 1
212 40 1
212 41 1
212 59 1
212 77 1
212 78 1
212 84 1
212 85 1
212 87 1
212 93 1
212 144 1
212 148 1
212 149 1
212 150 1
212 151 1
212 152 1
212 153 1
212 154 1
212 155 1
212 156 1
212 157 1
212 158 1
212 163 1
213 4 1
213 25 1
213 26 1
213 38 1
213 39 1
213 41 1
213 59 1
213 60 1
213 75 1
213 77 1
213 78 1
213 84 1
213 85 1
213 87 1
213 93 1
213 113 1
213 144 1
213 148 1
213 149 1
213 150 1
213 151 1
213 152 1
213 153 1
213 154 1
213 155 1
213 156 1
213 157 1
213 158 1
214 4 1
214 25 1
214 26 1
214 35 1
214 38 1
214 39 1
214 41 1
214 59 1
214 60 1
214 75 1
214 77 1
214 78 1
214 87 1
214 93 1
214 144 1
214 148 1
214 149 1
214 150 1
214 151 1
214 152 1
214 153 1
214 154 1
214 155 1
214 156 1
214 157 1
214 158 1
215 4 1
215 22 1
215 25 1
215 26 1
215 27 1
215 38 1
215 39 1
215 40 1
215 41 1
215 58 1
215 59 1
215 77 1
215 78 1
215 83 1
215 84 1
215 85 1
215 87 1
215 93 1
215 121 1
215 131 1
215 144 1
215 145 1
215 146 1
215 148 1
215 149 1
215 150 1
215 151 1
215 152 1
215 153 1
215 154 1
215 155 1
215 156 1
215 157 1
215 158 1
215 163 1
216 4 1
216 22 1
216 25 1
216 26 1
216 27 1
216 38 1
216 39 1
216 40 1
216 41 1
216 58 1
216 59 1
216 77 1
216 78 1
216 83 1
216 84 1
216 85 1
216 87 1
216 89 1
216 93 1
216 115 1
216 121 1
216 131 1
216 144 1
216 145 1
216 146 1
216 148 1
216 149 1
216 150 1
216 151 1
216 152 1
216 153 1
216 154 1
216 155 1
216 156 1
216 157 1
216 158 1
216 163 1
216 164 1
217 4 1
217 22 1
217 23 1
217 24 1
217 25 1
217 38 1
217 39 1
217 40 1
217 41 1
217 78 1
217 84 1
217 85 1
217 86 1
217 87 1
217 89 1
217 93 1
217 145 1
217 146 1
217 147 1
217 148 1
217 149 1
217 150 1
217 151 1
217 152 1
217 153 1
217 154 1
217 155 1
217 156 1
217 157 1
217 158 1
217 162 1
217 163 1
217 164 1
217 165 1
217 166 1
217 170 1
218 2 1
218 3 1
218 4 1
218 22 1
218 23 1
218 24 1
218 25 1
218 38 1
218 39 1
218 40 1
218 41 1
218 42 1
218 78 1
218 84 1
218 85 1
218 86 1
218 87 1
218 88 1
218 89 1
218 90 1
218 91 1
218 93 1
218 145 1
218 146 1
218 147 1
218 148 1
218 149 1
218 150 1
218 151 1
218 152 1
218 153 1
218 154 1
218 155 1
218 156 1
218 157 1
218 158 1
218 161 1
218 162 1
218 163 1
218 164 1
218 165 1
218 166 1
218 167 1
218 168 1
218 169 1
218 170 1
218 172 1
218 173 1
218 174 1
218 175 1
218 178 1
219 2 1
219 3 1
219 4 1
219 22 1
219 23 1
219 24 1
219 25 1
219 38 1
219 39 1
219 40 1
219 41 1
219 42 1
219 78 1
219 84 1
219 85 1
219 86 1
219 87 1
219 88 1
219 89 1
219 90 1
219 91 1
219 93 1
219 145 1
219 146 1
219 147 1
219 148 1
219 149 1
219 150 1
219 151 1
219 152 1
219 153 1
219 154 1
219 155 1
219 156 1
219 157 1
219 158 1
219 161 1
219 162 1
219 163 1
219 164 1
219 165 1
219 166 1
219 167 1
219 168 1
219 169 1
219 170 1
219 172 1
219 173 1
219 174 1
219 175 1
219 178 1
220 2 1
220 3 1
220 4 1
220 22 1
220 24 1
220 25 1
220 38 1
220 39 1
220 40 1
220 41 1
220 42 1
220 78 1
220 84 1
220 85 1
220 86 1
220 87 1
220 88 1
220 89 1
220 90 1
220 91 1
220 93 1
220 145 1
220 146 1
220 147 1
220 148 1
220 149 1
220 150 1
220 151 1
220 152 1
220 153 1
220 154 1
220 155 1
220 156 1
220 157 1
220 158 1
220 161 1
220 162 1
220 163 1
220 164 1
220 165 1
220 166 1
220 167 1
220 168 1
220 169 1
220 170 1
220 172 1
220 173 1
220 174 1
220 175 1
220 178 1
221 3 1
221 4 1
221 21 1
221 22 1
221 24 1
221 25 1
221 38 1
221 39 1
221 40 1
221 41 1
221 42 1
221 78 1
221 84 1
221 85 1
221 86 1
221 87 1
221 88 1
221 89 1
221 90 1
221 91 1
221 92 1
221 93 1
221 94 1
221 95 1
221 96 1
221 97 1
221 108 1
221 109 1
221 110 1
221 125 1
221 126 1
221 129 1
221 130 1
221 133 1
221 139 1
221 145 1
221 146 1
221 147 1
221 148 1
221 149 1
221 150 1
221 151 1
221 152 1
221 153 1
221 154 1
221 155 1
221 156 1
221 157 1
221 158 1
221 161 1
221 162 1
221 163 1
221 164 1
221 165 1
221 166 1
221 167 1
221 168 1
221 169 1
221 170 1
221 172 1
221 173 1
221 174 1
221 175 1
221 178 1
222 3 1
222 4 1
222 21 1
222 22 1
222 24 1
222 25 1
222 38 1
222 39 1
222 40 1
222 41 1
222 42 1
222 78 1
222 81 1
222 84 1
222 85 1
222 87 1
222 88 1
222 89 1
222 90 1
222 91 1
222 92 1
222 93 1
222 94 1
222 95 1
222 96 1
222 109 1
222 110 1
222 125 1
222 126 1
222 129 1
222 130 1
222 133 1
222 139 1
222 145 1
222 146 1
222 147 1
222 148 1
222 149 1
222 150 1
222 151 1
222 152 1
222 153 1
222 154 1
222 155 1
222 156 1
222 157 1
222 158 1
222 161 1
222 162 1
222 163 1
222 164 1
222 165 1
222 166 1
222 167 1
222 168 1
222 169 1
222 170 1
222 172 1
222 173 1
222 174 1
222 175 1
222 177 1
222 178 1
223 4 1
223 21 1
223 22 1
223 24 1
223 25 1
223 38 1
223 39 1
223 40 1
223 41 1
223 42 1
223 76 1
223 78 1
223 81 1
223 84 1
223 85 1
223 87 1
223 88 1
223 89 1
223 92 1
223 93 1
223 94 1
223 95 1
223 109 1
223 110 1
223 125 1
223 126 1
223 129 1
223 130 1
223 133 1
223 139 1
223 145 1
223 146 1
223 147 1
223 148 1
223 149 1
223 150 1
223 151 1
223 152 1
223 153 1
223 154 1
223 155 1
223 156 1
223 157 1
223 158 1
223 161 1
223 162 1
223 163 1
223 165 1
223 166 1
223 167 1
223 168 1
223 172 1
223 173 1
223 177 1
223 178 1
224 6 1
224 7 1
224 8 1
224 9 1
224 13 1
224 14 1
224 52 1
224 53 1
224 99 1
224 102 1
224 103 1
224 104 1
224 106 1
224 107 1
224 122 1
224 127 1
224 136 1
224 138 1
224 140 1
224 141 1
224 142 1
224 143 1
224 159 1
224 160 1
225 6 1
225 7 1
225 8 1
225 9 1
225 13 1
225 14 1
225 16 1
225 51 1
225 52 1
225 99 1
225 102 1
225 103 1
225 104 1
225 105 1
225 106 1
225 107 1
225 122 1
225 127 1
225 136 1
225 138 1
225 140 1
225 141 1
225 142 1
225 143 1
225 159 1
225 160 1
226 6 1
226 7 1
226 8 1
226 14 1
226 15 1
226 16 1
226 51 1
226 52 1
226 99 1
226 102 1
226 103 1
226 104 1
226 105 1
226 106 1
226 107 1
226 122 1
226 127 1
226 136 1
226 138 1
226 140 1
226 141 1
226 142 1
226 143 1
226 159 1
226 160 1
227 6 1
227 7 1
227 8 1
227 14 1
227 15 1
227 16 1
227 51 1
227 52 1
227 99 1
227 102 1
227 103 1
227 104 1
227 105 1
227 106 1
227 107 1
227 122 1
227 127 1
227 136 1
227 138 1
227 140 1
227 141 1
227 142 1
227 143 1
227 159 1
227 160 1
228 2 1
228 3 1
228 4 1
228 22 1
228 23 1
228 24 1
228 25 1
228 40 1
228 41 1
228 42 1
228 78 1
228 84 1
228 85 1
228 86 1
228 87 1
228 88 1
228 89 1
228 90 1
228 91 1
228 93 1
228 145 1
228 146 1
228 147 1
228 148 1
228 149 1
228 150 1
228 151 1
228 152 1
228 153 1
228 154 1
228 155 1
228 156 1
228 157 1
228 158 1
228 161 1
228 162 1
228 163 1
228 164 1
228 165 1
228 166 1
228 167 1
228 168 1
228 169 1
228 170 1
228 172 1
228 173 1
228 174 1
228 175 1
228 178 1
229 2 1
229 3 1
229 4 1
229 22 1
229 24 1
229 25 1
229 40 1
229 41 1
229 42 1
229 78 1
229 81 1
229 84 1
229 85 1
229 86 1
229 87 1
229 88 1
229 89 1
229 90 1
229 91 1
229 93 1
229 145 1
229 146 1
229 147 1
229 148 1
229 149 1
229 150 1
229 151 1
229 152 1
229 153 1
229 154 1
229 155 1
229 156 1
229 157 1
229 158 1
229 161 1
229 162 1
229 163 1
229 164 1
229 165 1
229 166 1
229 167 1
229 168 1
229 169 1
229 170 1
229 172 1
229 173 1
229 174 1
229 175 1
229 177 1
229 178 1
230 3 1
230 4 1
230 21 1
230 22 1
230 24 1
230 25 1
230 40 1
230 41 1
230 42 1
230 76 1
230 78 1
230 81 1
230 84 1
230 85 1
230 86 1
230 87 1
230 88 1
230 89 1
230 90 1
230 91 1
230 92 1
230 93 1
230 94 1
230 95 1
230 96 1
230 97 1
230 109 1
230 110 1
230 125 1
230 126 1
230 129 1
230 130 1
230 133 1
230 139 1
230 145 1
230 146 1
230 147 1
230 148 1
230 149 1
230 150 1
230 151 1
230 152 1
230 153 1
230 154 1
230 155 1
230 156 1
230 157 1
230 158 1
230 161 1
230 162 1
230 163 1
230 164 1
230 165 1
230 166 1
230 167 1
230 168 1
230 169 1
230 170 1
230 172 1
230 173 1
230 174 1
230 175 1
230 176 1
230 177 1
230 178 1
231 3 1
231 4 1
231 21 1
231 22 1
231 24 1
231 25 1
231 40 1
231 41 1
231 42 1
231 76 1
231 78 1
231 81 1
231 84 1
231 85 1
231 86 1
231 87 1
231 88 1
231 89 1
231 90 1
231 91 1
231 92 1
231 93 1
231 94 1
231 95 1
231 96 1
231 109 1
231 110 1
231 125 1
231 126 1
231 129 1
231 130 1
231 133 1
231 139 1
231 145 1
231 146 1
231 147 1
231 148 1
231 149 1
231 150 1
231 151 1
231 152 1
231 153 1
231 154 1
231 155 1
231 156 1
231 157 1
231 158 1
231 161 1
231 162 1
231 163 1
231 164 1
231 165 1
231 166 1
231 167 1
231 168 1
231 169 1
231 170 1
231 171 1
231 172 1
231 173 1
231 174 1
231 175 1
231 176 1
231 177 1
231 178 1
232 4 1
232 21 1
232 22 1
232 24 1
232 25 1
232 40 1
232 41 1
232 42 1
232 76 1
232 78 1
232 84 1
232 85 1
232 86 1
232 87 1
232 89 1
232 92 1
232 93 1
232 94 1
232 95 1
232 109 1
232 110 1
232 125 1
232 126 1
232 129 1
232 130 1
232 133 1
232 139 1
232 145 1
232 146 1
232 147 1
232 148 1
232 149 1
232 150 1
232 151 1
232 152 1
232 153 1
232 154 1
232 155 1
232 156 1
232 157 1
232 158 1
232 161 1
232 162 1
232 163 1
232 165 1
232 166 1
232 176 1
233 3 1
233 4 1
233 21 1
233 22 1
233 24 1
233 25 1
233 42 1
233 76 1
233 78 1
233 81 1
233 86 1
233 87 1
233 88 1
233 89 1
233 90 1
233 91 1
233 92 1
233 93 1
233 94 1
233 95 1
233 96 1
233 109 1
233 110 1
233 125 1
233 126 1
233 129 1
233 130 1
233 133 1
233 139 1
233 145 1
233 146 1
233 147 1
233 148 1
233 149 1
233 150 1
233 151 1
233 152 1
233 153 1
233 154 1
233 155 1
233 156 1
233 157 1
233 158 1
233 161 1
233 162 1
233 163 1
233 164 1
233 165 1
233 166 1
233 167 1
233 168 1
233 169 1
233 170 1
233 171 1
233 172 1
233 173 1
233 174 1
233 175 1
233 176 1
233 177 1
233 178 1
234 2 1
234 3 1
234 4 1
234 22 1
234 24 1
234 25 1
234 42 1
234 76 1
234 81 1
234 86 1
234 87 1
234 88 1
234 89 1
234 90 1
234 91 1
234 93 1
234 145 1
234 146 1
234 147 1
234 148 1
234 149 1
234 150 1
234 151 1
234 152 1
234 153 1
234 154 1
234 155 1
234 156 1
234 157 1
234 158 1
234 161 1
234 162 1
234 163 1
234 164 1
234 165 1
234 166 1
234 167 1
234 168 1
234 169 1
234 170 1
234 171 1
234 172 1
234 173 1
234 174 1
234 175 1
234 176 1
234 177 1
234 178 1
235 2 1
235 3 1
235 4 1
235 22 1
235 23 1
235 24 1
235 42 1
235 81 1
235 86 1
235 87 1
235 88 1
235 89 1
235 90 1
235 91 1
235 93 1
235 145 1
235 146 1
235 147 1
235 148 1
235 149 1
235 150 1
235 151 1
235 152 1
235 153 1
235 155 1
235 156 1
235 157 1
235 158 1
235 161 1
235 162 1
235 163 1
235 164 1
235 165 1
235 166 1
235 167 1
235 168 1
235 169 1
235 170 1
235 172 1
235 173 1
235 174 1
235 175 1
235 177 1
235 178 1
236 2 1
236 3 1
236 4 1
236 22 1
236 23 1
236 42 1
236 87 1
236 88 1
236 89 1
236 90 1
236 91 1
236 93 1
236 145 1
236 146 1
236 147 1
236 149 1
236 150 1
236 151 1
236 152 1
236 153 1
236 155 1
236 156 1
236 157 1
236 158 1
236 161 1
236 162 1
236 163 1
236 164 1
236 165 1
236 166 1
236 167 1
236 168 1
236 169 1
236 170 1
236 172 1
236 173 1
236 174 1
236 175 1
236 178 1
237 2 1
237 3 1
237 22 1
237 23 1
237 24 1
237 42 1
237 43 1
237 76 1
237 81 1
237 86 1
237 87 1
237 88 1
237 89 1
237 90 1
237 91 1
237 93 1
237 145 1
237 146 1
237 147 1
237 148 1
237 149 1
237 150 1
237 151 1
237 152 1
237 153 1
237 155 1
237 156 1
237 157 1
237 158 1
237 161 1
237 162 1
237 163 1
237 164 1
237 165 1
237 166 1
237 167 1
237 168 1
237 169 1
237 170 1
237 171 1
237 172 1
237 173 1
237 174 1
237 175 1
237 176 1
237 177 1
237 178 1
238 2 1
238 3 1
238 22 1
238 24 1
238 42 1
238 43 1
238 76 1
238 81 1
238 86 1
238 87 1
238 88 1
238 89 1
238 90 1
238 91 1
238 93 1
238 97 1
238 139 1
238 145 1
238 146 1
238 147 1
238 148 1
238 149 1
238 150 1
238 151 1
238 152 1
238 153 1
238 155 1
238 156 1
238 157 1
238 158 1
238 161 1
238 162 1
238 163 1
238 164 1
238 165 1
238 166 1
238 167 1
238 168 1
238 169 1
238 170 1
238 171 1
238 172 1
238 173 1
238 174 1
238 175 1
238 176 1
238 177 1
238 178 1
239 3 1
239 21 1
239 22 1
239 24 1
239 25 1
239 42 1
239 43 1
239 76 1
239 81 1
239 86 1
239 87 1
239 88 1
239 89 1
239 90 1
239 91 1
239 92 1
239 93 1
239 94 1
239 95 1
239 96 1
239 109 1
239 110 1
239 125 1
239 126 1
239 129 1
239 130 1
239 133 1
239 139 1
239 145 1
239 146 1
239 147 1
239 148 1
239 149 1
239 150 1
239 151 1
239 152 1
239 153 1
239 155 1
239 156 1
239 157 1
239 158 1
239 161 1
239 162 1
239 163 1
239 164 1
239 165 1
239 166 1
239 167 1
239 168 1
239 169 1
239 170 1
239 171 1
239 172 1
239 173 1
239 174 1
239 175 1
239 176 1
239 177 1
239 178 1
240 3 1
240 21 1
240 22 1
240 24 1
240 25 1
240 42 1
240 43 1
240 76 1
240 81 1
240 86 1
240 87 1
240 88 1
240 89 1
240 90 1
240 91 1
240 92 1
240 93 1
240 110 1
240 126 1
240 130 1
240 133 1
240 145 1
240 147 1
240 148 1
240 149 1
240 150 1
240 151 1
240 152 1
240 154 1
240 155 1
240 156 1
240 157 1
240 161 1
240 162 1
240 163 1
240 164 1
240 165 1
240 166 1
240 167 1
240 168 1
240 169 1
240 170 1
240 171 1
240 172 1
240 173 1
240 174 1
240 175 1
240 176 1
240 177 1
240 178 1
241 8 1
241 9 1
241 13 1
241 14 1
241 16 1
241 51 1
241 52 1
241 102 1
241 103 1
241 104 1
241 105 1
241 106 1
241 107 1
241 122 1
241 127 1
241 136 1
241 138 1
241 140 1
241 142 1
241 143 1
241 159 1
241 160 1
242 8 1
242 14 1
242 15 1
242 16 1
242 51 1
242 52 1
242 102 1
242 103 1
242 104 1
242 105 1
242 106 1
242 107 1
242 122 1
242 127 1
242 136 1
242 138 1
242 140 1
242 141 1
242 142 1
242 143 1
242 159 1
242 160 1
243 8 1
243 14 1
243 15 1
243 16 1
243 51 1
243 52 1
243 102 1
243 103 1
243 104 1
243 105 1
243 106 1
243 107 1
243 122 1
243 127 1
243 136 1
243 138 1
243 140 1
243 141 1
243 142 1
243 143 1
243 159 1
243 160 1
244 9 1
244 13 1
244 14 1
244 52 1
244 104 1
244 106 1
244 107 1
244 122 1
244 127 1
244 136 1
244 142 1
244 143 1
244 159 1
244 160 1
245 2 1
245 3 1
245 22 1
245 23 1
245 42 1
245 43 1
245 44 1
245 76 1
245 81 1
245 87 1
245 88 1
245 89 1
245 90 1
245 91 1
245 93 1
245 145 1
245 146 1
245 147 1
245 149 1
245 150 1
245 151 1
245 152 1
245 153 1
245 155 1
245 156 1
245 157 1
245 158 1
245 161 1
245 162 1
245 163 1
245 164 1
245 165 1
245 166 1
245 167 1
245 168 1
245 169 1
245 170 1
245 171 1
245 172 1
245 173 1
245 174 1
245 175 1
245 176 1
245 177 1
245 178 1
246 2 1
246 3 1
246 22 1
246 23 1
246 42 1
246 43 1
246 44 1
246 76 1
246 81 1
246 87 1
246 88 1
246 89 1
246 90 1
246 91 1
246 93 1
246 145 1
246 146 1
246 147 1
246 149 1
246 150 1
246 151 1
246 152 1
246 153 1
246 155 1
246 156 1
246 157 1
246 161 1
246 162 1
246 163 1
246 164 1
246 165 1
246 166 1
246 167 1
246 168 1
246 169 1
246 170 1
246 171 1
246 172 1
246 173 1
246 174 1
246 175 1
246 176 1
246 177 1
246 178 1
247 2 1
247 3 1
247 22 1
247 24 1
247 42 1
247 43 1
247 44 1
247 76 1
247 81 1
247 86 1
247 87 1
247 88 1
247 89 1
247 90 1
247 91 1
247 93 1
247 95 1
247 96 1
247 97 1
247 129 1
247 139 1
247 145 1
247 146 1
247 147 1
247 149 1
247 150 1
247 151 1
247 152 1
247 153 1
247 155 1
247 156 1
247 157 1
247 161 1
247 162 1
247 163 1
247 164 1
247 165 1
247 166 1
247 167 1
247 168 1
247 169 1
247 170 1
247 171 1
247 172 1
247 173 1
247 174 1
247 175 1
247 176 1
247 177 1
247 178 1
248 3 1
248 21 1
248 22 1
248 24 1
248 42 1
248 43 1
248 44 1
248 76 1
248 81 1
248 86 1
248 87 1
248 88 1
248 89 1
248 90 1
248 91 1
248 92 1
248 93 1
248 94 1
248 95 1
248 96 1
248 109 1
248 110 1
248 125 1
248 126 1
248 129 1
248 130 1
248 133 1
248 139 1
248 145 1
248 146 1
248 147 1
248 148 1
248 149 1
248 150 1
248 151 1
248 152 1
248 155 1
248 156 1
248 157 1
248 161 1
248 162 1
248 163 1
248 164 1
248 165 1
248 166 1
248 167 1
248 168 1
248 169 1
248 170 1
248 171 1
248 172 1
248 173 1
248 174 1
248 175 1
248 176 1
248 177 1
248 178 1
249 3 1
249 21 1
249 22 1
249 24 1
249 42 1
249 43 1
249 44 1
249 76 1
249 81 1
249 86 1
249 87 1
249 88 1
249 89 1
249 90 1
249 91 1
249 92 1
249 93 1
249 110 1
249 126 1
249 130 1
249 133 1
249 145 1
249 147 1
249 148 1
249 149 1
249 150 1
249 151 1
249 152 1
249 155 1
249 156 1
249 157 1
249 161 1
249 162 1
249 163 1
249 164 1
249 165 1
249 166 1
249 167 1
249 168 1
249 169 1
249 170 1
249 171 1
249 172 1
249 173 1
249 174 1
249 175 1
249 176 1
249 177 1
249 178 1
250 0 1
250 1 1
250 38 1
250 46 1
250 63 1
250 64 1
250 65 1
250 179 1
251 1 1
251 2 1
251 3 1
251 43 1
251 44 1
251 45 1
251 66 1
251 76 1
251 81 1
251 88 1
251 90 1
251 91 1
251 93 1
251 158 1
251 163 1
251 164 1
251 165 1
251 166 1
251 167 1
251 168 1
251 169 1
251 170 1
251 171 1
251 172 1
251 173 1
251 174 1
251 175 1
251 176 1
251 177 1
251 178 1
251 179 1
252 1 1
252 2 1
252 3 1
252 22 1
252 23 1
252 42 1
252 43 1
252 44 1
252 45 1
252 66 1
252 76 1
252 81 1
252 87 1
252 88 1
252 89 1
252 90 1
252 91 1
252 93 1
252 145 1
252 146 1
252 147 1
252 149 1
252 150 1
252 151 1
252 152 1
252 153 1
252 155 1
252 156 1
252 157 1
252 161 1
252 162 1
252 163 1
252 164 1
252 165 1
252 166 1
252 167 1
252 168 1
252 169 1
252 170 1
252 171 1
252 172 1
252 173 1
252 174 1
252 175 1
252 176 1
252 177 1
252 178 1
252 179 1
253 1 1
253 2 1
253 3 1
253 22 1
253 23 1
253 42 1
253 43 1
253 44 1
253 45 1
253 66 1
253 76 1
253 81 1
253 87 1
253 88 1
253 89 1
253 90 1
253 91 1
253 93 1
253 145 1
253 146 1
253 147 1
253 149 1
253 150 1
253 151 1
253 152 1
253 153 1
253 155 1
253 156 1
253 157 1
253 161 1
253 162 1
253 163 1
253 164 1
253 165 1
253 166 1
253 167 1
253 168 1
253 169 1
253 170 1
253 171 1
253 172 1
253 173 1
253 174 1
253 175 1
253 176 1
253 177 1
253 178 1
253 179 1
254 1 1
254 2 1
254 3 1
254 22 1
254 42 1
254 43 1
254 44 1
254 45 1
254 66 1
254 76 1
254 81 1
254 86 1
254 87 1
254 88 1
254 89 1
254 90 1
254 91 1
254 93 1
254 95 1
254 96 1
254 125 1
254 129 1
254 139 1
254 145 1
254 146 1
254 147 1
254 149 1
254 150 1
254 151 1
254 152 1
254 153 1
254 155 1
254 156 1
254 157 1
254 161 1
254 162 1
254 163 1
254 164 1
254 165 1
254 166 1
254 167 1
254 168 1
254 169 1
254 170 1
254 171 1
254 172 1
254 173 1
254 174 1
254 175 1
254 176 1
254 177 1
254 178 1
254 179 1
255 1 1
255 3 1
255 21 1
255 22 1
255 24 1
255 42 1
255 43 1
255 44 1
255 45 1
255 66 1
255 76 1
255 81 1
255 86 1
255 87 1
255 88 1
255 89 1
255 90 1
255 91 1
255 92 1
255 93 1
255 94 1
255 95 1
255 96 1
255 109 1
255 110 1
255 125 1
255 126 1
255 129 1
255 130 1
255 133 1
255 145 1
255 147 1
255 149 1
255 150 1
255 151 1
255 152 1
255 155 1
255 156 1
255 157 1
255 161 1
255 162 1
255 163 1
255 164 1
255 165 1
255 166 1
255 167 1
255 168 1
255 169 1
255 170 1
255 171 1
255 172 1
255 173 1
255 174 1
255 175 1
255 176 1
255 177 1
255 178 1
255 179 1
256 1 1
256 3 1
256 21 1
256 22 1
256 24 1
256 42 1
256 43 1
256 44 1
256 45 1
256 66 1
256 76 1
256 81 1
256 86 1
256 87 1
256 89 1
256 90 1
256 91 1
256 92 1
256 93 1
256 110 1
256 126 1
256 130 1
256 133 1
256 145 1
256 147 1
256 148 1
256 149 1
256 150 1
256 151 1
256 152 1
256 155 1
256 156 1
256 157 1
256 161 1
256 162 1
256 163 1
256 164 1
256 165 1
256 166 1
256 167 1
256 168 1
256 169 1
256 170 1
256 171 1
256 172 1
256 173 1
256 174 1
256 175 1
256 176 1
256 177 1
256 178 1
256 179 1
257 1 1
257 2 1
257 3 1
257 45 1
257 46 1
257 64 1
257 65 1
257 66 1
257 76 1
257 81 1
257 88 1
257 90 1
257 91 1
257 176 1
257 177 1
257 178 1
257 179 1
258 1 1
258 2 1
258 3 1
258 22 1
258 23 1
258 42 1
258 43 1
258 44 1
258 45 1
258 66 1
258 76 1
258 81 1
258 87 1
258 88 1
258 89 1
258 90 1
258 91 1
258 93 1
258 97 1
258 139 1
258 145 1
258 146 1
258 147 1
258 149 1
258 150 1
258 151 1
258 152 1
258 153 1
258 155 1
258 156 1
258 157 1
258 161 1
258 162 1
258 163 1
258 164 1
258 165 1
258 166 1
258 167 1
258 168 1
258 169 1
258 170 1
258 171 1
258 172 1
258 173 1
258 174 1
258 175 1
258 176 1
258 177 1
258 178 1
258 179 1
259 1 1
259 2 1
259 3 1
259 22 1
259 23 1
259 42 1
259 43 1
259 44 1
259 45 1
259 66 1
259 76 1
259 81 1
259 87 1
259 88 1
259 89 1
259 90 1
259 91 1
259 93 1
259 145 1
259 146 1
259 147 1
259 149 1
259 150 1
259 151 1
259 152 1
259 153 1
259 155 1
259 156 1
259 157 1
259 161 1
259 162 1
259 163 1
259 164 1
259 165 1
259 166 1
259 167 1
259 168 1
259 169 1
259 170 1
259 171 1
259 172 1
259 173 1
259 174 1
259 175 1
259 176 1
259 177 1
259 178 1
259 179 1
260 1 1
260 2 1
260 3 1
260 43 1
260 44 1
260 45 1
260 66 1
260 76 1
260 81 1
260 88 1
260 90 1
260 91 1
260 93 1
260 158 1
260 163 1
260 164 1
260 165 1
260 166 1
260 167 1
260 168 1
260 169 1
260 170 1
260 171 1
260 172 1
260 173 1
260 174 1
260 175 1
260 176 1
260 177 1
260 178 1
260 179 1
261 1 1
261 2 1
261 3 1
261 44 1
261 45 1
261 66 1
261 76 1
261 81 1
261 88 1
261 90 1
261 91 1
261 93 1
261 164 1
261 165 1
261 167 1
261 168 1
261 169 1
261 170 1
261 171 1
261 172 1
261 173 1
261 174 1
261 175 1
261 176 1
261 177 1
261 178 1
261 179 1
262 1 1
262 2 1
262 3 1
262 45 1
262 46 1
262 63 1
262 64 1
262 65 1
262 66 1
262 76 1
262 81 1
262 88 1
262 90 1
262 91 1
262 176 1
262 177 1
262 178 1
262 179 1
263 1 1
263 2 1
263 3 1
263 45 1
263 46 1
263 64 1
263 65 1
263 66 1
263 76 1
263 81 1
263 88 1
263 90 1
263 91 1
263 176 1
263 177 1
263 178 1
263 179 1
264 9 1
264 10 1
264 12 1
264 13 1
264 52 1
264 104 1
264 106 1
264 122 1
264 127 1
264 136 1
265 9 1
265 10 1
265 11 1
265 12 1
end;